0.000000 0.000000 0.000000 0.000000 0.145888 0.233940 0.487974 0.000000 
0.000000 0.000000 0.000000 0.000000 0.000000 0.107864 0.344735 0.000000 
0.000000 0.000000 0.000000 0.000000 0.002363 0.384533 0.299895 0.000000 
0.000000 0.000000 0.000000 0.006167 0.100691 0.642080 0.095670 0.000000 
0.000000 0.000000 0.000000 0.078444 0.155405 0.671246 0.000000 0.000000 
0.000000 0.000000 0.000000 0.117055 0.504400 0.765869 0.000000 0.000000 
0.000000 0.000000 0.000000 0.518593 1.114338 1.115247 0.000000 0.000000 
0.000000 0.000000 0.000000 0.000000 0.582473 0.554076 0.000000 0.000000 

0.000000 0.000000 0.000000 0.559464 0.170588 0.000000 0.000000 0.000000 
0.000000 0.000000 0.000000 0.693228 0.578749 0.304376 0.275217 0.102377 
0.000000 0.000000 0.000000 0.320872 0.084022 0.232976 0.543063 0.386407 
0.000000 0.000000 0.000000 0.043145 0.000000 0.000000 0.323261 0.279458 
0.000000 0.000000 0.000000 0.214864 0.000000 0.000000 0.068870 0.178829 
0.000000 0.000000 0.024503 0.069320 0.000000 0.019356 0.215624 0.117610 
0.000000 0.000000 0.020274 0.000000 0.000000 0.203920 0.192118 0.120783 
0.000000 0.000000 0.460355 0.198446 0.000000 0.000000 0.133866 0.028912 

0.005527 0.000000 0.000000 0.000000 0.059521 0.000000 0.000000 0.000000 
0.049237 0.000000 0.000000 0.000000 0.000000 0.000000 0.000000 0.000000 
0.160182 0.000000 0.000000 0.000000 0.000000 0.000000 0.000000 0.000000 
0.152751 0.000000 0.000000 0.000000 0.000000 0.000000 0.000000 0.000000 
0.035939 0.000000 0.000000 0.000000 0.000000 0.000000 0.000000 0.000000 
0.000000 0.000000 0.000000 0.000000 0.000000 0.000000 0.000000 0.000000 
0.000000 0.000000 0.000000 0.000000 0.000000 0.000000 0.000000 0.000000 
0.000000 0.000000 0.000000 0.000000 0.000000 0.000000 0.000000 0.000000 

0.000000 0.000000 0.819494 2.420322 0.000000 0.000000 0.000000 0.216328 
0.000000 0.000000 1.223811 2.052018 0.000000 0.000000 0.000000 1.009234 
0.000000 0.000000 1.931795 1.687384 0.000000 0.000000 0.750617 1.191766 
0.000000 0.297703 2.595149 0.868572 0.000000 0.000000 0.980191 0.845455 
0.000000 0.806212 2.936063 0.000000 0.000000 0.000000 1.113526 0.373080 
0.000000 1.226451 2.751848 0.000000 0.000000 0.000000 1.583372 0.287126 
0.000000 1.309448 1.892926 0.000000 0.000000 0.289878 1.388957 0.130806 
0.000000 1.247652 0.175066 0.000000 0.000000 0.000000 0.551878 0.000000 

0.070956 0.000000 0.000000 0.000000 0.000000 0.095423 1.865470 1.242109 
0.085214 0.103864 0.000000 0.000000 0.000000 0.000000 0.508323 0.447218 
0.000000 0.020546 0.000000 0.000000 0.000000 0.000000 0.259471 0.220622 
0.000000 0.000000 0.000000 0.000000 0.000000 0.000000 0.507745 0.285651 
0.000000 0.348154 0.000000 0.000000 0.000000 0.000000 0.477892 0.317421 
0.000000 0.370789 0.000000 0.000000 0.000000 0.000000 0.240135 0.259882 
0.000000 0.000000 0.000000 0.000000 0.000000 0.448901 0.271633 0.151030 
0.000000 0.000000 0.000000 0.000000 0.000000 0.783961 0.398866 0.089634 

0.000000 0.000000 0.000000 0.000000 0.000000 2.558733 0.313679 0.000000 
0.000000 0.000000 0.000000 0.000000 0.000000 3.095317 0.000000 0.000000 
0.000000 0.000000 0.000000 0.000000 0.758990 3.193356 0.000000 0.000000 
0.000000 0.000000 0.000000 0.000000 1.834506 2.698110 0.000000 0.000000 
0.000000 0.000000 0.000000 0.000000 2.638802 1.544013 0.000000 0.000000 
0.000000 0.000000 0.000000 0.000000 3.391290 0.405821 0.000000 0.000000 
0.000000 0.000000 0.000000 1.350628 4.455058 0.000000 0.000000 0.000000 
0.000000 0.000000 0.000000 1.592235 4.343442 0.000000 0.000000 0.000000 

0.007230 0.000000 0.000000 0.000000 0.000000 0.000000 0.000000 0.000000 
0.039698 0.000000 0.000000 0.000000 0.000000 0.000000 0.546277 0.000000 
0.000000 0.000000 0.000000 0.000000 0.000000 0.085204 0.589226 0.000000 
0.000000 0.000000 0.000000 0.000000 0.000000 0.000000 0.058226 0.000000 
0.000000 0.000000 0.000000 0.000000 0.000000 0.173280 0.000000 0.000000 
0.000000 0.000000 0.000000 0.000000 0.000000 0.726976 0.043844 0.000000 
0.000000 0.000000 0.000000 0.000000 0.000000 0.221169 0.000000 0.023089 
0.000000 0.000000 0.000000 0.000000 0.000000 0.000000 0.000000 0.000000 

0.000000 0.000000 0.000000 0.000000 0.000000 3.747784 2.424743 0.000000 
0.000000 0.000000 0.000000 0.000000 0.944027 4.406259 1.388699 0.000000 
0.000000 0.000000 0.000000 0.000000 2.064367 4.252181 0.306830 0.000000 
0.000000 0.000000 0.000000 0.000000 3.121183 3.644660 0.000000 0.000000 
0.000000 0.000000 0.000000 0.000000 4.019125 2.879302 0.000000 0.000000 
0.000000 0.000000 0.000000 0.098220 4.361011 1.861331 0.000000 0.000000 
0.000000 0.000000 0.000000 0.738230 3.971365 0.939136 0.000000 0.000000 
0.108613 0.000000 0.000000 1.334814 3.239273 0.000000 0.000000 0.000000 

0.000000 0.313821 1.921261 2.279424 0.000000 0.000000 0.000000 0.000000 
0.000000 0.221560 1.624803 1.326182 0.000000 0.000000 0.000000 0.000000 
0.000000 0.377030 1.710263 0.601033 0.000000 0.000000 0.000000 0.000000 
0.087808 0.830464 1.973180 0.230383 0.000000 0.000000 0.000000 0.000000 
0.157705 1.099268 1.809444 0.000000 0.000000 0.000000 0.000000 0.000000 
0.177652 1.524681 1.264197 0.000000 0.000000 0.000000 0.000000 0.000000 
0.230871 2.057058 1.148389 0.000000 0.000000 0.000000 0.000000 0.000000 
0.193579 2.550714 2.197713 0.000000 0.000000 0.000000 0.000000 0.000000 

0.003037 0.026284 0.687933 1.580359 0.000000 0.000000 0.000000 0.000000 
0.063940 0.034023 1.098348 1.145901 0.000000 0.000000 0.000000 0.000000 
0.103539 0.040757 1.513957 0.725307 0.000000 0.000000 0.000000 0.000000 
0.098560 0.189829 1.815224 0.075040 0.000000 0.000000 0.000000 0.000000 
0.087657 0.591152 1.760787 0.000000 0.000000 0.000000 0.000000 0.000000 
0.002752 1.242589 1.909561 0.000000 0.000000 0.000000 0.000000 0.000000 
0.000000 1.889431 2.420131 0.000000 0.000000 0.000000 0.000000 0.000000 
0.000000 1.618857 2.372309 0.000000 0.000000 0.000000 0.000000 0.000000 

0.082447 0.000000 0.000000 0.000000 0.000000 0.000000 0.266539 0.150466 
0.000000 0.000000 0.000000 0.000000 0.000000 0.180396 1.032552 0.509062 
0.000000 0.000000 0.000000 0.000000 0.000000 0.011419 0.660619 0.481911 
0.000000 0.000000 0.000000 0.000000 0.000000 0.136245 0.325788 0.364595 
0.000000 0.000000 0.000000 0.000000 0.000000 0.889484 0.415124 0.454959 
0.000000 0.000000 0.000000 0.000000 0.000000 1.047311 0.526146 0.416042 
0.000000 0.000000 0.000000 0.000000 0.000000 0.020906 0.113818 0.253492 
0.000000 0.000000 0.000000 0.000000 0.000000 0.000000 0.190933 0.216235 

0.000000 0.000000 0.000000 0.000000 0.000000 0.000000 0.000000 0.000000 
0.000000 0.000000 0.000000 0.000000 0.000000 0.000000 0.000000 0.000000 
0.072299 0.000000 0.000000 0.000000 0.000000 0.000000 0.000000 0.000000 
0.077234 0.000000 0.000000 0.000000 0.000000 0.000000 0.000000 0.000000 
0.000000 0.000000 0.000000 0.000000 0.000000 0.000000 0.000000 0.000000 
0.000000 0.000000 0.000000 0.000000 0.000000 0.000000 0.000000 0.000000 
0.000000 0.000000 0.405134 0.783742 0.737861 0.000000 0.000000 0.000000 
0.000000 0.163340 0.714750 1.135367 1.689720 0.876275 0.127037 0.000000 

0.000000 0.000000 0.000000 0.000000 0.000000 0.000000 0.042202 0.019935 
0.000000 0.000000 0.089029 0.000000 0.000000 0.000000 0.000000 0.000000 
0.000000 0.000000 0.002097 0.000000 0.000000 0.000000 0.000000 0.000000 
0.000000 0.000000 0.000000 0.000000 0.000000 0.000000 0.000000 0.000000 
0.000000 0.000000 0.000000 0.000000 0.000000 0.000000 0.000000 0.000000 
0.000000 0.000000 0.123665 0.000000 0.000000 0.000000 0.000000 0.000000 
0.000000 0.000000 0.185736 0.635211 0.000000 0.000000 0.000000 0.000000 
0.000000 0.000000 0.000000 0.000000 0.078297 0.000000 0.000000 0.000000 

0.045999 0.186174 0.246033 0.053285 0.000000 0.000000 0.000000 0.000000 
0.109105 0.375615 0.153530 0.000000 0.000000 0.000000 0.000000 0.000000 
0.021049 0.083759 0.000000 0.000000 0.000000 0.000000 0.000000 0.000000 
0.000000 0.122591 0.000000 0.000000 0.000000 0.000000 0.000000 0.000000 
0.229581 0.281468 0.000000 0.000000 0.000000 0.000000 0.000000 0.000000 
0.270114 0.097744 0.000000 0.000000 0.000000 0.000000 0.000000 0.000000 
0.233037 0.000000 0.000000 0.000000 0.000000 0.000000 0.000000 0.000000 
0.000000 0.000000 0.000000 0.000000 0.000000 0.000000 0.000000 0.000000 

0.000000 0.000000 0.000000 0.000000 0.000000 1.251189 0.839253 0.000000 
0.000000 0.000000 0.000000 0.000000 0.323334 1.956660 0.000000 0.000000 
0.000000 0.000000 0.000000 0.000000 1.225436 2.240406 0.000000 0.000000 
0.000000 0.000000 0.000000 0.000000 1.805053 1.860318 0.000000 0.000000 
0.000000 0.000000 0.000000 0.000000 2.283121 1.001771 0.000000 0.000000 
0.000000 0.000000 0.000000 0.230354 2.617621 0.000000 0.000000 0.000000 
0.000000 0.000000 0.000000 1.024231 2.164330 0.000000 0.000000 0.000000 
0.000000 0.000000 0.000000 1.787861 1.609406 0.000000 0.000000 0.000000 

0.000000 0.000000 0.000000 0.000000 1.653516 0.908313 0.000000 0.000000 
0.000000 0.000000 0.000000 0.163367 2.321486 0.020545 0.000000 0.000000 
0.000000 0.000000 0.000000 0.753867 2.475662 0.000000 0.000000 0.000000 
0.000000 0.000000 0.000000 1.446063 2.029161 0.000000 0.000000 0.000000 
0.000000 0.000000 0.000000 1.960953 1.342550 0.000000 0.000000 0.000000 
0.000000 0.000000 0.000000 2.361014 0.597392 0.000000 0.000000 0.000000 
0.000000 0.000000 0.530632 2.509720 0.000000 0.000000 0.000000 0.000000 
0.000000 0.000000 0.961894 2.007259 0.000000 0.000000 0.000000 0.000000 

