0.000000 0.000000 0.000000 0.000000 0.000000 0.000000 0.000000 0.000000 0.000000 0.000000 0.000000 0.000000 0.000000 0.131460 0.268873 0.136615 0.000000 0.000000 0.000000 0.000000 0.000000 0.000000 0.000000 0.000000 
0.000000 0.000000 0.000000 0.000000 0.000000 0.000000 0.000000 0.000000 0.000000 0.000000 0.000000 0.000000 0.024932 0.566815 0.733015 0.237397 0.000000 0.000000 0.000000 0.000000 0.000000 0.000000 0.000000 0.000000 
0.000000 0.000000 0.000000 0.000000 0.000000 0.000000 0.000000 0.000000 0.000000 0.000000 0.000000 0.000000 0.219493 0.854340 0.900902 0.095193 0.000000 0.000000 0.000000 0.000000 0.000000 0.000000 0.000000 0.000000 
0.000000 0.000000 0.000000 0.000000 0.000000 0.000000 0.000000 0.000000 0.000000 0.000000 0.000000 0.000000 0.194936 0.847183 0.727889 0.000000 0.000000 0.000000 0.000000 0.000000 0.000000 0.000000 0.000000 0.000000 
0.000000 0.000000 0.000000 0.000000 0.000000 0.000000 0.000000 0.000000 0.000000 0.000000 0.000000 0.000000 0.159252 0.904984 0.758762 0.021926 0.000000 0.000000 0.000000 0.000000 0.000000 0.000000 0.000000 0.000000 
0.000000 0.000000 0.000000 0.000000 0.000000 0.000000 0.000000 0.000000 0.000000 0.000000 0.000000 0.000000 0.290453 1.127555 0.887169 0.108062 0.000000 0.000000 0.000000 0.000000 0.000000 0.000000 0.000000 0.000000 
0.000000 0.000000 0.000000 0.000000 0.000000 0.000000 0.000000 0.000000 0.000000 0.000000 0.000000 0.000000 0.558419 1.165463 0.810059 0.040542 0.000000 0.000000 0.000000 0.000000 0.000000 0.000000 0.000000 0.000000 
0.000000 0.000000 0.000000 0.000000 0.000000 0.000000 0.000000 0.000000 0.000000 0.000000 0.000000 0.134473 0.806900 0.974646 0.507936 0.000000 0.000000 0.000000 0.000000 0.000000 0.000000 0.000000 0.000000 0.000000 
0.000000 0.000000 0.000000 0.000000 0.000000 0.000000 0.000000 0.000000 0.000000 0.000000 0.000000 0.229581 0.994921 0.822359 0.283878 0.000000 0.000000 0.000000 0.000000 0.000000 0.000000 0.000000 0.000000 0.000000 
0.000000 0.000000 0.000000 0.000000 0.000000 0.000000 0.000000 0.000000 0.000000 0.000000 0.000000 0.338214 1.101139 0.861112 0.207835 0.000000 0.033960 0.000000 0.000000 0.000000 0.000000 0.000000 0.000000 0.000000 
0.000000 0.000000 0.000000 0.000000 0.000000 0.000000 0.000000 0.000000 0.000000 0.000000 0.003688 0.482017 1.085461 0.805390 0.074605 0.000000 0.000000 0.000000 0.000000 0.000000 0.000000 0.000000 0.000000 0.000000 
0.000000 0.000000 0.000000 0.000000 0.000000 0.000000 0.000000 0.000000 0.000000 0.000000 0.054485 0.722327 1.027230 0.665539 0.000000 0.000000 0.000000 0.000000 0.000000 0.000000 0.000000 0.000000 0.000000 0.000000 
0.000000 0.000000 0.000000 0.000000 0.000000 0.000000 0.000000 0.000000 0.000000 0.000000 0.094347 0.947008 0.957955 0.453040 0.000000 0.000000 0.000000 0.000000 0.000000 0.000000 0.000000 0.000000 0.000000 0.000000 
0.000000 0.000000 0.000000 0.000000 0.000000 0.000000 0.000000 0.000000 0.000000 0.000000 0.147114 1.067446 0.845773 0.242839 0.000000 0.000000 0.000000 0.000000 0.000000 0.000000 0.000000 0.000000 0.000000 0.000000 
0.000000 0.000000 0.000000 0.000000 0.000000 0.000000 0.000000 0.000000 0.000000 0.000000 0.295432 1.089572 0.759496 0.074933 0.000000 0.000000 0.000000 0.000000 0.000000 0.000000 0.000000 0.000000 0.000000 0.000000 
0.000000 0.000000 0.000000 0.000000 0.000000 0.000000 0.000000 0.000000 0.000000 0.018793 0.520802 1.142438 0.736952 0.079247 0.000000 0.000000 0.000000 0.000000 0.000000 0.000000 0.000000 0.000000 0.000000 0.000000 
0.000000 0.000000 0.000000 0.000000 0.000000 0.000000 0.000000 0.000000 0.000000 0.045973 0.661965 1.148871 0.705147 0.010884 0.000000 0.000000 0.000000 0.000000 0.000000 0.000000 0.000000 0.000000 0.000000 0.000000 
0.000000 0.000000 0.000000 0.000000 0.000000 0.000000 0.000000 0.000000 0.000000 0.037049 0.789569 1.210016 0.673402 0.000000 0.000000 0.000000 0.000000 0.000000 0.000000 0.000000 0.000000 0.000000 0.000000 0.000000 
0.000000 0.000000 0.000000 0.000000 0.000000 0.000000 0.000000 0.000000 0.000000 0.025961 0.911461 1.184792 0.609415 0.000000 0.000000 0.000000 0.000000 0.000000 0.000000 0.000000 0.000000 0.000000 0.000000 0.000000 
0.000000 0.000000 0.000000 0.000000 0.000000 0.000000 0.000000 0.000000 0.000000 0.000000 0.949454 1.061294 0.493136 0.000000 0.000000 0.000000 0.000000 0.000000 0.000000 0.000000 0.000000 0.000000 0.000000 0.000000 
0.000000 0.000000 0.000000 0.000000 0.000000 0.000000 0.000000 0.000000 0.000000 0.000000 0.516362 0.543541 0.207217 0.000000 0.000000 0.000000 0.000000 0.000000 0.000000 0.000000 0.000000 0.000000 0.000000 0.000000 
0.000000 0.000000 0.000000 0.000000 0.000000 0.000000 0.000000 0.000000 0.000000 0.000000 0.110423 0.357761 0.300571 0.085320 0.000000 0.000000 0.000000 0.000000 0.000000 0.000000 0.000000 0.000000 0.000000 0.000000 
0.000000 0.000000 0.000000 0.000000 0.000000 0.000000 0.000000 0.000000 0.000000 0.000000 0.030614 0.358792 0.454070 0.190868 0.007254 0.000000 0.000000 0.000000 0.000000 0.000000 0.000000 0.000000 0.000000 0.000000 
0.000000 0.000000 0.000000 0.000000 0.000000 0.000000 0.000000 0.000000 0.027795 0.062781 0.180829 0.334908 0.297351 0.116629 0.000000 0.000000 0.000000 0.000000 0.000000 0.000000 0.000000 0.000000 0.000000 0.000000 

0.000000 0.000000 0.000000 0.000000 0.000000 0.000000 0.000000 0.000000 0.000000 0.000000 0.000000 0.000000 0.000000 0.000000 0.000000 0.013681 0.000000 0.000000 0.000000 0.000000 0.000000 0.000000 0.000000 0.000000 
0.000000 0.000000 0.000000 0.000000 0.000000 0.000000 0.000000 0.000000 0.000000 0.000000 0.000000 0.000000 0.000000 0.000000 0.242024 0.290544 0.000000 0.000000 0.000000 0.000000 0.000000 0.000000 0.000000 0.000000 
0.000000 0.000000 0.000000 0.000000 0.000000 0.000000 0.000000 0.000000 0.000000 0.000000 0.000000 0.000000 0.000000 0.382613 0.717743 0.358665 0.000000 0.000000 0.000000 0.000000 0.000000 0.000000 0.000000 0.000000 
0.000000 0.000000 0.000000 0.000000 0.000000 0.000000 0.000000 0.000000 0.000000 0.000000 0.000000 0.000000 0.266995 1.070392 1.160592 0.020174 0.000000 0.000000 0.000000 0.000000 0.000000 0.000000 0.000000 0.000000 
0.000000 0.000000 0.000000 0.000000 0.000000 0.000000 0.000000 0.000000 0.000000 0.000000 0.000000 0.000000 0.886687 1.763877 1.319230 0.000000 0.000000 0.000000 0.000000 0.000000 0.000000 0.000000 0.000000 0.000000 
0.000000 0.000000 0.000000 0.000000 0.000000 0.000000 0.000000 0.000000 0.000000 0.000000 0.000000 0.239322 1.366566 2.072901 1.231675 0.000000 0.000000 0.000000 0.000000 0.000000 0.000000 0.000000 0.000000 0.000000 
0.000000 0.000000 0.000000 0.000000 0.000000 0.000000 0.000000 0.000000 0.000000 0.000000 0.000000 0.441963 1.633727 2.198450 1.009366 0.000000 0.000000 0.000000 0.000000 0.000000 0.000000 0.000000 0.000000 0.000000 
0.000000 0.000000 0.000000 0.000000 0.000000 0.000000 0.000000 0.000000 0.000000 0.000000 0.000000 0.590947 1.803252 2.181867 0.568178 0.000000 0.000000 0.000000 0.000000 0.000000 0.000000 0.000000 0.000000 0.000000 
0.000000 0.000000 0.000000 0.000000 0.000000 0.000000 0.000000 0.000000 0.000000 0.000000 0.000000 0.836741 2.004087 1.918746 0.105077 0.000000 0.000000 0.000000 0.000000 0.000000 0.000000 0.000000 0.000000 0.000000 
0.000000 0.000000 0.000000 0.000000 0.000000 0.000000 0.000000 0.000000 0.000000 0.000000 0.079515 1.179028 2.183325 1.490677 0.000000 0.000000 0.000000 0.000000 0.000000 0.000000 0.000000 0.000000 0.000000 0.000000 
0.000000 0.000000 0.000000 0.000000 0.000000 0.000000 0.000000 0.000000 0.000000 0.000000 0.340042 1.505399 2.215299 0.952482 0.000000 0.000000 0.000000 0.000000 0.000000 0.000000 0.000000 0.000000 0.000000 0.000000 
0.000000 0.000000 0.000000 0.000000 0.000000 0.000000 0.000000 0.000000 0.000000 0.000000 0.613092 1.750229 2.136143 0.550909 0.000000 0.000000 0.000000 0.000000 0.000000 0.000000 0.000000 0.000000 0.000000 0.000000 
0.000000 0.000000 0.000000 0.000000 0.000000 0.000000 0.000000 0.000000 0.000000 0.000000 0.866168 1.979203 2.034481 0.240692 0.000000 0.000000 0.000000 0.000000 0.000000 0.000000 0.000000 0.000000 0.000000 0.000000 
0.000000 0.000000 0.000000 0.000000 0.000000 0.000000 0.000000 0.000000 0.000000 0.008884 1.112650 2.103704 1.755587 0.000000 0.000000 0.000000 0.000000 0.000000 0.000000 0.000000 0.000000 0.000000 0.000000 0.000000 
0.000000 0.000000 0.000000 0.000000 0.000000 0.000000 0.000000 0.000000 0.000000 0.147724 1.342125 2.100762 1.370955 0.000000 0.000000 0.000000 0.000000 0.000000 0.000000 0.000000 0.000000 0.000000 0.000000 0.000000 
0.000000 0.000000 0.000000 0.000000 0.000000 0.000000 0.000000 0.000000 0.000000 0.318586 1.489269 2.109162 0.966484 0.000000 0.000000 0.000000 0.000000 0.000000 0.000000 0.000000 0.000000 0.000000 0.000000 0.000000 
0.000000 0.000000 0.000000 0.000000 0.000000 0.000000 0.000000 0.000000 0.000000 0.509980 1.598481 1.978783 0.506874 0.000000 0.000000 0.000000 0.000000 0.000000 0.000000 0.000000 0.000000 0.000000 0.000000 0.000000 
0.000000 0.000000 0.000000 0.000000 0.000000 0.000000 0.000000 0.000000 0.000000 0.758312 1.689109 1.856071 0.175125 0.000000 0.000000 0.000000 0.000000 0.000000 0.000000 0.000000 0.000000 0.000000 0.000000 0.000000 
0.000000 0.000000 0.000000 0.000000 0.000000 0.000000 0.000000 0.000000 0.000000 0.999204 1.849823 1.841376 0.005231 0.000000 0.000000 0.000000 0.000000 0.000000 0.000000 0.000000 0.000000 0.000000 0.000000 0.000000 
0.000000 0.000000 0.000000 0.000000 0.000000 0.000000 0.000000 0.000000 0.135504 1.158225 2.009305 1.813763 0.000000 0.000000 0.000000 0.000000 0.000000 0.000000 0.000000 0.000000 0.000000 0.000000 0.000000 0.000000 
0.000000 0.000000 0.000000 0.000000 0.000000 0.000000 0.000000 0.000000 0.399626 1.508456 2.059242 1.445495 0.000000 0.000000 0.000000 0.000000 0.000000 0.000000 0.000000 0.000000 0.000000 0.000000 0.000000 0.000000 
0.000000 0.000000 0.000000 0.000000 0.000000 0.000000 0.000000 0.000000 0.360439 1.244981 1.665855 0.938554 0.000000 0.000000 0.000000 0.000000 0.000000 0.000000 0.000000 0.000000 0.000000 0.000000 0.000000 0.000000 
0.000000 0.000000 0.000000 0.000000 0.000000 0.000000 0.000000 0.000000 0.239426 0.902587 1.144778 0.418895 0.000000 0.000000 0.000000 0.000000 0.000000 0.000000 0.000000 0.000000 0.000000 0.000000 0.000000 0.000000 
0.000000 0.000000 0.000000 0.000000 0.000000 0.000000 0.000000 0.000000 0.114604 0.436581 0.423739 0.147842 0.000000 0.000000 0.000000 0.000000 0.000000 0.000000 0.000000 0.000000 0.000000 0.000000 0.000000 0.000000 

0.000000 0.000000 0.000000 0.000000 0.000000 0.000000 0.000000 0.000000 0.006270 0.018555 0.000000 0.007190 0.005859 0.000000 0.000000 0.028447 0.172391 0.060927 0.000000 0.000000 0.000000 0.000000 0.000000 0.000000 
0.000000 0.000000 0.000000 0.000000 0.000000 0.008435 0.008466 0.000000 0.008297 0.003190 0.005745 0.117681 0.264924 0.064916 0.000000 0.118964 0.211892 0.106833 0.001940 0.000000 0.000000 0.000000 0.000000 0.000000 
0.000000 0.000000 0.000000 0.000000 0.000000 0.004387 0.007797 0.007093 0.017347 0.000390 0.032859 0.400156 0.776522 0.607463 0.309122 0.395048 0.277402 0.089471 0.008245 0.000000 0.000000 0.000000 0.000000 0.000000 
0.000000 0.000000 0.000000 0.000000 0.000000 0.000000 0.000000 0.000000 0.012963 0.016816 0.126229 0.702319 1.104302 0.916400 0.640883 0.627511 0.382328 0.059571 0.000000 0.000670 0.000000 0.000000 0.000000 0.000000 
0.000000 0.000000 0.000000 0.000000 0.000000 0.000000 0.000000 0.000000 0.004084 0.007742 0.162293 0.752626 1.039905 0.713379 0.504734 0.595845 0.392912 0.046183 0.000000 0.000000 0.000000 0.000000 0.000000 0.000000 
0.000000 0.000000 0.000000 0.000000 0.000000 0.003759 0.008040 0.000000 0.000000 0.004090 0.167699 0.554457 0.810482 0.369375 0.309859 0.420238 0.278022 0.042328 0.012984 0.012951 0.000000 0.000000 0.000000 0.000000 
0.000000 0.000000 0.000000 0.000000 0.000000 0.000000 0.000000 0.000000 0.000000 0.000000 0.265176 0.550235 0.661804 0.283918 0.334448 0.392754 0.106463 0.000000 0.005977 0.013837 0.000000 0.000000 0.000000 0.000000 
0.000000 0.000000 0.000000 0.000000 0.000000 0.000000 0.000000 0.000000 0.000000 0.000000 0.424475 0.682167 0.541284 0.357133 0.406876 0.408392 0.048584 0.000000 0.000000 0.008071 0.000000 0.000000 0.000000 0.000000 
0.000000 0.000000 0.000000 0.000000 0.000000 0.000000 0.000000 0.002618 0.000000 0.089251 0.521181 0.788033 0.356496 0.299629 0.339238 0.373181 0.025929 0.000000 0.000000 0.003925 0.004898 0.000000 0.000000 0.000000 
0.000000 0.000000 0.000000 0.000000 0.000000 0.000000 0.000000 0.000000 0.000000 0.273978 0.620148 0.845022 0.283090 0.217688 0.285165 0.243429 0.005731 0.012940 0.000000 0.000000 0.000000 0.000000 0.000000 0.000000 
0.000000 0.000000 0.000000 0.000000 0.000000 0.000000 0.000000 0.000000 0.000000 0.411542 0.676270 0.840167 0.406271 0.337384 0.404753 0.190462 0.000000 0.015158 0.000000 0.000000 0.000000 0.000000 0.000000 0.000000 
0.000000 0.000000 0.000000 0.000000 0.000000 0.004018 0.004519 0.000000 0.003391 0.441756 0.707967 0.646304 0.435737 0.386366 0.483073 0.143638 0.000000 0.000000 0.000000 0.000000 0.000000 0.000000 0.000000 0.000000 
0.000000 0.000000 0.000000 0.000000 0.000000 0.000000 0.001072 0.000000 0.045854 0.507323 0.832813 0.436155 0.341018 0.349499 0.397611 0.048596 0.000000 0.000000 0.000000 0.000000 0.000000 0.000000 0.000000 0.000000 
0.000000 0.000000 0.000000 0.000000 0.000000 0.000000 0.000000 0.000000 0.084758 0.513346 0.874481 0.329935 0.341423 0.326252 0.277634 0.000000 0.000000 0.000000 0.000000 0.000000 0.000000 0.000000 0.000000 0.000000 
0.000000 0.000000 0.000000 0.000000 0.000000 0.000000 0.000000 0.000000 0.146768 0.492068 0.743508 0.192585 0.282743 0.359915 0.192566 0.000000 0.000000 0.000000 0.000000 0.000000 0.000000 0.000000 0.000000 0.000000 
0.000000 0.000000 0.000000 0.000000 0.000000 0.000000 0.000000 0.000000 0.303815 0.578628 0.591647 0.084825 0.192259 0.329520 0.150990 0.000000 0.000000 0.000000 0.000000 0.000000 0.000000 0.000000 0.000000 0.000000 
0.000000 0.000000 0.000000 0.000000 0.000000 0.001478 0.000000 0.008058 0.474898 0.751403 0.645175 0.210858 0.217284 0.373185 0.150420 0.000000 0.000000 0.000000 0.000000 0.000000 0.000000 0.000000 0.000000 0.000000 
0.000000 0.000000 0.000000 0.000000 0.000000 0.000000 0.000000 0.005620 0.518513 0.824398 0.707241 0.359960 0.328813 0.434876 0.164358 0.000000 0.000000 0.000000 0.000000 0.000000 0.000000 0.000000 0.000000 0.000000 
0.000000 0.000000 0.000000 0.000000 0.000000 0.000000 0.000000 0.002705 0.491820 0.878306 0.696490 0.466258 0.389324 0.455860 0.117847 0.000000 0.000000 0.000000 0.000000 0.000000 0.000000 0.000000 0.000000 0.000000 
0.000000 0.000000 0.000000 0.000000 0.000000 0.000000 0.000000 0.012482 0.452581 0.933934 0.594110 0.474431 0.387844 0.429177 0.049440 0.000000 0.000000 0.000000 0.000000 0.000000 0.000000 0.000000 0.000000 0.000000 
0.000000 0.000000 0.000000 0.000000 0.000000 0.000000 0.000000 0.018762 0.315006 0.928204 0.655350 0.534597 0.166410 0.160022 0.000000 0.000000 0.000000 0.000000 0.000000 0.000000 0.000000 0.000000 0.000000 0.000000 
0.000000 0.000000 0.000000 0.000000 0.000000 0.000000 0.000000 0.000000 0.000000 0.228077 0.029205 0.157938 0.109433 0.100477 0.000000 0.000000 0.000000 0.000000 0.000000 0.000000 0.000000 0.000000 0.000000 0.000000 
0.000000 0.000000 0.000000 0.000000 0.000000 0.000000 0.000000 0.000000 0.000000 0.000000 0.000000 0.000000 0.000000 0.000000 0.000000 0.000000 0.000000 0.000000 0.000000 0.000000 0.000000 0.000000 0.000000 0.000000 
0.000000 0.000000 0.000000 0.000000 0.000000 0.000000 0.000000 0.000000 0.000000 0.000000 0.000000 0.000000 0.000000 0.000000 0.000000 0.000000 0.000000 0.000000 0.000000 0.000000 0.000000 0.000000 0.000000 0.000000 

0.000000 0.000000 0.000000 0.000000 0.000000 0.002670 0.003992 0.000000 0.017600 0.022179 0.002117 0.080535 0.235893 0.065503 0.072359 0.300090 0.300246 0.082128 0.006695 0.007742 0.000000 0.002318 0.001636 0.000000 
0.000000 0.000000 0.000000 0.000000 0.000000 0.000000 0.000194 0.007441 0.016963 0.000881 0.038220 0.282349 0.393668 0.218987 0.382862 0.778400 0.626092 0.203421 0.027740 0.000000 0.000000 0.002116 0.000000 0.000000 
0.000000 0.000000 0.000000 0.000000 0.000000 0.000000 0.000000 0.009222 0.019733 0.000000 0.098103 0.419152 0.387588 0.379666 0.796056 1.136425 0.841014 0.288937 0.032603 0.000000 0.000000 0.006097 0.001981 0.000000 
0.000000 0.000000 0.000000 0.000000 0.000000 0.000000 0.000404 0.006075 0.010589 0.014876 0.112783 0.359549 0.305531 0.399075 1.156010 1.507790 0.936739 0.243756 0.011690 0.016196 0.010702 0.000000 0.000772 0.000000 
0.000000 0.000000 0.000000 0.000000 0.000000 0.000000 0.000891 0.008402 0.008898 0.008276 0.104824 0.241789 0.231015 0.475324 1.482782 1.642278 0.811900 0.137734 0.017337 0.015864 0.008692 0.008131 0.010872 0.000000 
0.000000 0.000000 0.000000 0.000000 0.000000 0.000000 0.000000 0.003934 0.000000 0.000000 0.182437 0.159299 0.177165 0.745013 1.658455 1.567153 0.639167 0.075268 0.014277 0.000000 0.011140 0.015561 0.002861 0.000000 
0.000000 0.000000 0.000000 0.000000 0.000000 0.000000 0.001721 0.000000 0.002231 0.017455 0.278767 0.115290 0.105859 1.001684 1.743830 1.339794 0.446255 0.001294 0.003701 0.019281 0.004887 0.000148 0.008851 0.002064 
0.000000 0.000000 0.000000 0.000000 0.000000 0.000000 0.000000 0.012464 0.004679 0.055330 0.291487 0.134099 0.093937 1.198035 1.817505 1.043521 0.208491 0.000000 0.008621 0.006658 0.002967 0.007627 0.013659 0.003500 
0.000000 0.000000 0.000000 0.000000 0.000000 0.000000 0.000000 0.000000 0.002488 0.169112 0.249699 0.146313 0.319410 1.445463 1.833228 0.820398 0.124540 0.012851 0.005286 0.003940 0.020216 0.000785 0.000101 0.000000 
0.000000 0.000000 0.000000 0.000000 0.000000 0.000272 0.000000 0.000000 0.015294 0.248405 0.178967 0.162727 0.664090 1.622891 1.692175 0.668277 0.036415 0.016415 0.004549 0.000000 0.008740 0.005677 0.001719 0.000000 
0.000000 0.000000 0.000000 0.000000 0.000000 0.001422 0.000000 0.000000 0.020682 0.267716 0.136899 0.139750 0.976203 1.757878 1.421605 0.493418 0.005398 0.005604 0.005286 0.000274 0.000000 0.011749 0.003832 0.000000 
0.000000 0.000000 0.000000 0.000000 0.000000 0.000000 0.000000 0.000070 0.037987 0.260697 0.143288 0.208176 1.209289 1.851218 1.193089 0.365357 0.000044 0.003507 0.017600 0.006928 0.000000 0.004763 0.000000 0.000000 
0.000000 0.000000 0.000000 0.000000 0.000000 0.000000 0.000000 0.000433 0.046175 0.235257 0.157996 0.265484 1.308929 1.855846 0.976562 0.197020 0.007173 0.000000 0.007288 0.000000 0.000000 0.000000 0.000000 0.000000 
0.000000 0.000000 0.000000 0.000000 0.000000 0.000000 0.000000 0.005520 0.092666 0.191335 0.084333 0.377331 1.430482 1.729666 0.676379 0.040809 0.000000 0.000000 0.000000 0.000000 0.000000 0.000000 0.000000 0.000000 
0.000000 0.000000 0.000000 0.000000 0.000000 0.000000 0.000000 0.011167 0.192134 0.149520 0.036645 0.678409 1.599042 1.502385 0.485252 0.000000 0.000000 0.000000 0.000000 0.000000 0.000000 0.000000 0.000000 0.000000 
0.000000 0.000000 0.000000 0.000000 0.000000 0.000000 0.000000 0.005548 0.270739 0.152038 0.112538 0.928204 1.710788 1.312091 0.372215 0.000000 0.000000 0.000000 0.000000 0.000000 0.000000 0.000000 0.000000 0.000000 
0.000000 0.000000 0.000000 0.000000 0.000000 0.000000 0.000000 0.001532 0.287136 0.136854 0.249055 1.152041 1.780467 1.167354 0.361615 0.000000 0.000000 0.000000 0.000000 0.000000 0.000000 0.000000 0.000000 0.000000 
0.000000 0.000000 0.000000 0.000000 0.000000 0.000000 0.000000 0.006647 0.247784 0.130350 0.430065 1.322669 1.777342 1.137453 0.384150 0.000000 0.000000 0.000000 0.000000 0.000000 0.000000 0.000000 0.000000 0.000000 
0.000000 0.000000 0.000000 0.000000 0.000000 0.000000 0.000000 0.017612 0.184946 0.137375 0.514870 1.401040 1.773144 1.110683 0.365359 0.000000 0.000000 0.000000 0.000000 0.000000 0.000000 0.000000 0.000000 0.000000 
0.000000 0.000000 0.000000 0.000000 0.000000 0.000000 0.000000 0.010524 0.098313 0.122910 0.466376 1.344551 1.716311 0.960705 0.236372 0.000000 0.000000 0.000000 0.000000 0.000000 0.000000 0.000000 0.000000 0.000000 
0.000000 0.000000 0.000000 0.000000 0.000000 0.000000 0.000000 0.000000 0.000000 0.000000 0.397585 1.065248 1.186930 0.490651 0.080609 0.000000 0.000000 0.000000 0.000000 0.000000 0.000000 0.000000 0.000000 0.000000 
0.000000 0.000000 0.000000 0.000000 0.000000 0.000000 0.000000 0.000000 0.000000 0.000000 0.330350 0.692092 0.592886 0.153417 0.000000 0.000000 0.000000 0.000000 0.000000 0.000000 0.000000 0.000000 0.000000 0.000000 
0.000000 0.000000 0.000000 0.000000 0.000000 0.000000 0.000000 0.000000 0.000000 0.000000 0.215460 0.542270 0.341700 0.000000 0.000000 0.000000 0.000000 0.000000 0.000000 0.000000 0.000000 0.000000 0.000000 0.000000 
0.000000 0.000000 0.000000 0.000000 0.000000 0.000000 0.000000 0.000000 0.000000 0.000000 0.125238 0.140082 0.000000 0.000000 0.000000 0.000000 0.000000 0.000000 0.000000 0.000000 0.000000 0.000000 0.000000 0.000000 

0.067204 0.067204 0.067204 0.067204 0.072740 0.067038 0.054510 0.042732 0.041513 0.054973 0.055348 0.017084 0.000000 0.000000 0.000000 0.000000 0.000000 0.000000 0.078574 0.086111 0.076160 0.068242 0.073241 0.071707 
0.067204 0.067204 0.067204 0.067204 0.068513 0.068327 0.065357 0.056920 0.052260 0.070447 0.047698 0.000000 0.000000 0.000000 0.000000 0.000000 0.000000 0.000000 0.060492 0.079568 0.062208 0.066762 0.062895 0.063530 
0.067204 0.067204 0.067204 0.067204 0.071028 0.085757 0.091521 0.088916 0.092589 0.081993 0.034200 0.000000 0.000000 0.000000 0.000000 0.000000 0.000000 0.000000 0.045366 0.067776 0.059114 0.060485 0.059278 0.067695 
0.067204 0.067204 0.067204 0.067204 0.075533 0.086652 0.080287 0.072889 0.085941 0.067160 0.063412 0.165883 0.141814 0.000000 0.000000 0.000000 0.000000 0.020776 0.049382 0.047974 0.042200 0.055753 0.062122 0.061099 
0.067204 0.067204 0.067204 0.067204 0.069495 0.067825 0.060601 0.062213 0.071435 0.082742 0.146167 0.497315 0.637097 0.173127 0.000000 0.000000 0.070624 0.218880 0.069643 0.046101 0.047785 0.052305 0.052512 0.067618 
0.067204 0.067204 0.067204 0.067204 0.070987 0.068060 0.071286 0.075546 0.092838 0.086209 0.175245 0.601159 0.669587 0.289448 0.000000 0.053690 0.167448 0.189404 0.088690 0.063800 0.063712 0.063270 0.064182 0.069282 
0.067204 0.067204 0.067204 0.067204 0.071302 0.084615 0.094462 0.075160 0.073604 0.079359 0.196143 0.511855 0.475862 0.180675 0.000000 0.081217 0.278450 0.137913 0.084894 0.094462 0.091228 0.053061 0.062056 0.055968 
0.067204 0.067204 0.067204 0.067204 0.076464 0.075255 0.073175 0.075679 0.082666 0.045088 0.195726 0.425553 0.340030 0.000000 0.090272 0.271924 0.348291 0.079182 0.099601 0.089372 0.062599 0.056275 0.058388 0.051747 
0.067204 0.067204 0.067204 0.067204 0.071901 0.065814 0.082484 0.081722 0.081264 0.020084 0.251558 0.343154 0.153067 0.000000 0.204626 0.266221 0.282769 0.074527 0.050609 0.058893 0.068777 0.070840 0.061146 0.071226 
0.067204 0.067204 0.067204 0.067204 0.071446 0.069868 0.079196 0.065955 0.072239 0.050146 0.358529 0.353382 0.030883 0.000000 0.049084 0.121967 0.131250 0.041710 0.049734 0.063834 0.082690 0.078615 0.074419 0.076026 
0.067204 0.067204 0.067204 0.067204 0.073339 0.071325 0.065448 0.046648 0.055864 0.162988 0.507538 0.433301 0.041041 0.000000 0.000000 0.131119 0.107158 0.078876 0.085499 0.082340 0.074302 0.071285 0.070752 0.064582 
0.067204 0.067204 0.067204 0.067204 0.069009 0.072770 0.076494 0.067516 0.054252 0.287383 0.531805 0.429122 0.022672 0.000000 0.078457 0.237525 0.121980 0.081723 0.083824 0.075348 0.073194 0.074661 0.065586 0.066083 
0.067204 0.067204 0.067204 0.067204 0.067869 0.081785 0.088051 0.085337 0.073914 0.415607 0.580290 0.475095 0.048060 0.141427 0.211361 0.334992 0.111367 0.079194 0.077950 0.084355 0.077353 0.078798 0.070495 0.071702 
0.067204 0.067204 0.067204 0.067204 0.067126 0.076507 0.075384 0.079592 0.071440 0.492701 0.648473 0.479248 0.060103 0.276917 0.343865 0.289209 0.088941 0.081932 0.072381 0.085297 0.077822 0.076742 0.073533 0.070955 
0.067204 0.067204 0.067204 0.067204 0.067063 0.063219 0.058250 0.069587 0.079692 0.474805 0.521715 0.321491 0.015444 0.263220 0.345218 0.200825 0.078708 0.081451 0.080017 0.078729 0.069253 0.072425 0.069078 0.066114 
0.067204 0.067204 0.067204 0.067204 0.070364 0.067101 0.067112 0.058832 0.100813 0.427132 0.331973 0.000000 0.000000 0.047998 0.129396 0.070458 0.070369 0.076002 0.069138 0.066742 0.067673 0.066931 0.067204 0.067204 
0.067204 0.067204 0.067204 0.067204 0.073949 0.076455 0.073074 0.066392 0.241280 0.552366 0.261213 0.000000 0.000000 0.000000 0.000000 0.062331 0.067204 0.067204 0.067204 0.067204 0.067204 0.067204 0.067204 0.067204 
0.067204 0.067204 0.067204 0.067204 0.073017 0.076911 0.079632 0.083921 0.408701 0.679221 0.329030 0.000000 0.000000 0.000000 0.000000 0.071973 0.067204 0.067204 0.067204 0.067204 0.067204 0.067204 0.067204 0.067204 
0.067204 0.067204 0.067204 0.067204 0.068266 0.073937 0.076703 0.083029 0.538005 0.767158 0.527726 0.000000 0.000000 0.000000 0.033882 0.075731 0.067204 0.067204 0.067204 0.067204 0.067204 0.067204 0.067204 0.067204 
0.067204 0.067204 0.067204 0.067204 0.067204 0.069242 0.061286 0.073545 0.630879 0.889945 0.830654 0.216890 0.069184 0.000000 0.195306 0.064381 0.067204 0.067204 0.067204 0.067204 0.067204 0.067204 0.067204 0.067204 
0.067204 0.067204 0.067204 0.067204 0.067204 0.071573 0.066166 0.096444 0.801924 1.394412 1.750102 1.335949 1.165188 0.693479 0.310981 0.067792 0.067204 0.067204 0.067204 0.067204 0.067204 0.067204 0.067204 0.067204 
0.067204 0.067204 0.067204 0.067204 0.067204 0.074359 0.076995 0.115517 0.705951 1.365902 1.999161 1.839718 1.411566 0.725022 0.219743 0.068278 0.067204 0.067204 0.067204 0.067204 0.067204 0.067204 0.067204 0.067204 
0.067204 0.067204 0.067204 0.067204 0.067204 0.077415 0.076815 0.099316 0.490857 0.889976 1.181428 1.185647 0.939064 0.431710 0.107067 0.066931 0.067204 0.067204 0.067204 0.067204 0.067204 0.067204 0.067204 0.067204 
0.067204 0.067204 0.067204 0.067204 0.067204 0.069328 0.066850 0.077783 0.139868 0.151566 0.317535 0.438347 0.214790 0.036103 0.046760 0.067204 0.067204 0.067204 0.067204 0.067204 0.067204 0.067204 0.067204 0.067204 

0.000000 0.000000 0.000000 0.000000 0.000000 0.000000 0.000000 0.000000 0.000000 0.000000 0.000000 0.000000 0.000000 0.000000 0.000000 0.000000 0.000000 0.000000 0.000000 0.000000 0.000000 0.000000 0.000000 0.000000 
0.000000 0.000000 0.000000 0.000000 0.000000 0.000000 0.000000 0.000000 0.000000 0.000000 0.000000 0.017444 0.061785 0.000000 0.000000 0.000000 0.000000 0.000000 0.000000 0.000000 0.000000 0.000000 0.000000 0.000000 
0.000000 0.000000 0.000000 0.000000 0.000000 0.000000 0.000000 0.000000 0.000000 0.000000 0.000000 0.153154 0.392202 0.507439 0.105785 0.000000 0.000000 0.000000 0.000000 0.000000 0.000000 0.000000 0.000000 0.000000 
0.000000 0.000000 0.000000 0.000000 0.000000 0.000000 0.000000 0.000000 0.000000 0.000000 0.001494 0.195557 0.522484 0.860209 0.716186 0.000000 0.000000 0.000000 0.000000 0.000000 0.000000 0.000000 0.000000 0.000000 
0.000000 0.000000 0.000000 0.000000 0.000000 0.000000 0.000000 0.000000 0.000000 0.000000 0.000000 0.006609 0.232806 0.726206 0.827403 0.293348 0.000000 0.000000 0.000000 0.000000 0.000000 0.000000 0.000000 0.000000 
0.000000 0.000000 0.000000 0.000000 0.000000 0.000000 0.000000 0.000000 0.000000 0.000000 0.000000 0.000000 0.000000 0.519968 0.659166 0.236385 0.000000 0.026146 0.000000 0.000000 0.000000 0.000000 0.000000 0.000000 
0.000000 0.000000 0.000000 0.000000 0.000000 0.000000 0.000000 0.000000 0.000000 0.000000 0.000000 0.000000 0.000000 0.521362 0.584468 0.201961 0.000000 0.033560 0.000000 0.000000 0.000000 0.000000 0.000000 0.000000 
0.000000 0.000000 0.000000 0.000000 0.000000 0.000000 0.000000 0.000000 0.000000 0.000000 0.000000 0.000000 0.000000 0.494934 0.512703 0.204003 0.000000 0.000000 0.000000 0.000000 0.000000 0.000000 0.000000 0.000000 
0.000000 0.000000 0.000000 0.000000 0.000000 0.000000 0.000000 0.000000 0.000000 0.000000 0.000000 0.000000 0.000000 0.357975 0.305681 0.120584 0.033837 0.000000 0.000000 0.000000 0.000000 0.000000 0.000000 0.000000 
0.000000 0.000000 0.000000 0.000000 0.000000 0.000000 0.000000 0.000000 0.000000 0.066999 0.000000 0.000000 0.173454 0.291860 0.112486 0.000000 0.030518 0.000000 0.000000 0.000000 0.000000 0.000000 0.000000 0.000000 
0.000000 0.000000 0.000000 0.000000 0.000000 0.000000 0.000000 0.000000 0.000000 0.029070 0.000000 0.000000 0.531832 0.477818 0.154695 0.000000 0.000000 0.000000 0.000000 0.000000 0.000000 0.000000 0.000000 0.000000 
0.000000 0.000000 0.000000 0.000000 0.000000 0.000000 0.000000 0.000000 0.000000 0.000000 0.000000 0.000000 0.683407 0.535180 0.208462 0.000000 0.000000 0.000000 0.000000 0.000000 0.000000 0.000000 0.000000 0.000000 
0.000000 0.000000 0.000000 0.000000 0.000000 0.000000 0.000000 0.000000 0.000000 0.000000 0.000000 0.000000 0.675264 0.447190 0.152869 0.000000 0.000000 0.000000 0.000000 0.000000 0.000000 0.000000 0.000000 0.000000 
0.000000 0.000000 0.000000 0.000000 0.000000 0.000000 0.000000 0.000000 0.000000 0.000000 0.000000 0.132587 0.661278 0.285832 0.063871 0.028199 0.000000 0.000000 0.000000 0.000000 0.000000 0.000000 0.000000 0.000000 
0.000000 0.000000 0.000000 0.000000 0.000000 0.000000 0.000000 0.000000 0.000000 0.000000 0.000000 0.249759 0.598893 0.233406 0.000000 0.051025 0.000000 0.000000 0.000000 0.000000 0.000000 0.000000 0.000000 0.000000 
0.000000 0.000000 0.000000 0.000000 0.000000 0.000000 0.000000 0.000000 0.000000 0.000000 0.000000 0.272447 0.360588 0.054522 0.000000 0.000000 0.000000 0.000000 0.000000 0.000000 0.000000 0.000000 0.000000 0.000000 
0.000000 0.000000 0.000000 0.000000 0.000000 0.000000 0.000000 0.000000 0.000000 0.000000 0.000000 0.554366 0.236820 0.000000 0.000000 0.000000 0.000000 0.000000 0.000000 0.000000 0.000000 0.000000 0.000000 0.000000 
0.000000 0.000000 0.000000 0.000000 0.000000 0.000000 0.000000 0.000000 0.000000 0.000000 0.244652 0.896940 0.275687 0.000000 0.000000 0.000000 0.000000 0.000000 0.000000 0.000000 0.000000 0.000000 0.000000 0.000000 
0.000000 0.000000 0.000000 0.000000 0.000000 0.000000 0.000000 0.000000 0.000000 0.000000 0.378714 1.153178 0.438458 0.000000 0.000000 0.000000 0.000000 0.000000 0.000000 0.000000 0.000000 0.000000 0.000000 0.000000 
0.000000 0.000000 0.000000 0.000000 0.000000 0.000000 0.000000 0.000000 0.000000 0.000000 0.393700 1.232113 0.596281 0.000000 0.000000 0.000000 0.000000 0.000000 0.000000 0.000000 0.000000 0.000000 0.000000 0.000000 
0.000000 0.000000 0.000000 0.000000 0.000000 0.000000 0.000000 0.000000 0.000000 0.000000 0.602453 1.577509 1.107364 0.439198 0.000000 0.000000 0.000000 0.000000 0.000000 0.000000 0.000000 0.000000 0.000000 0.000000 
0.000000 0.000000 0.000000 0.000000 0.000000 0.000000 0.000000 0.000000 0.000000 0.000000 0.035110 1.149543 1.043223 0.467649 0.055410 0.000000 0.000000 0.000000 0.000000 0.000000 0.000000 0.000000 0.000000 0.000000 
0.000000 0.000000 0.000000 0.000000 0.000000 0.000000 0.000000 0.000000 0.000000 0.000000 0.000000 0.534230 0.830957 0.462480 0.059675 0.000000 0.000000 0.000000 0.000000 0.000000 0.000000 0.000000 0.000000 0.000000 
0.000000 0.000000 0.000000 0.000000 0.000000 0.000000 0.000000 0.000000 0.000000 0.000000 0.000000 0.000000 0.192029 0.120709 0.000000 0.000000 0.000000 0.000000 0.000000 0.000000 0.000000 0.000000 0.000000 0.000000 

