0.000000 0.000000 0.000000 0.000000 0.145888 0.233940 0.487974 0.000000 
0.000000 0.000000 0.000000 0.000000 0.000000 0.107865 0.344735 0.000000 
0.000000 0.000000 0.000000 0.000000 0.002363 0.384533 0.299895 0.000000 
0.000000 0.000000 0.000000 0.006167 0.100691 0.642080 0.095670 0.000000 
0.000000 0.000000 0.000000 0.078444 0.155405 0.671246 0.000000 0.000000 
0.000000 0.000000 0.000000 0.117056 0.504399 0.765869 0.000000 0.000000 
0.000000 0.000000 0.000000 0.518593 1.114337 1.115248 0.000000 0.000000 
0.000000 0.000000 0.000000 0.000000 0.582473 0.554077 0.000000 0.000000 

0.000000 0.000000 0.000000 0.559464 0.170587 0.000000 0.000000 0.000000 
0.000000 0.000000 0.000000 0.693228 0.578749 0.304376 0.275217 0.102377 
0.000000 0.000000 0.000000 0.320872 0.084021 0.232976 0.543062 0.386406 
0.000000 0.000000 0.000000 0.043145 0.000000 0.000000 0.323262 0.279458 
0.000000 0.000000 0.000000 0.214864 0.000000 0.000000 0.068870 0.178829 
0.000000 0.000000 0.024503 0.069321 0.000000 0.019356 0.215624 0.117610 
0.000000 0.000000 0.020274 0.000000 0.000000 0.203920 0.192118 0.120783 
0.000000 0.000000 0.460354 0.198446 0.000000 0.000000 0.133866 0.028912 

0.005527 0.000000 0.000000 0.000000 0.059521 0.000000 0.000000 0.000000 
0.049237 0.000000 0.000000 0.000000 0.000000 0.000000 0.000000 0.000000 
0.160182 0.000000 0.000000 0.000000 0.000000 0.000000 0.000000 0.000000 
0.152751 0.000000 0.000000 0.000000 0.000000 0.000000 0.000000 0.000000 
0.035939 0.000000 0.000000 0.000000 0.000000 0.000000 0.000000 0.000000 
0.000000 0.000000 0.000000 0.000000 0.000000 0.000000 0.000000 0.000000 
0.000000 0.000000 0.000000 0.000000 0.000000 0.000000 0.000000 0.000000 
0.000000 0.000000 0.000000 0.000000 0.000000 0.000000 0.000000 0.000000 

0.000000 0.000000 0.819494 2.420324 0.000000 0.000000 0.000000 0.216328 
0.000000 0.000000 1.223811 2.052018 0.000000 0.000000 0.000000 1.009234 
0.000000 0.000000 1.931795 1.687383 0.000000 0.000000 0.750617 1.191766 
0.000000 0.297703 2.595148 0.868572 0.000000 0.000000 0.980191 0.845455 
0.000000 0.806212 2.936063 0.000000 0.000000 0.000000 1.113526 0.373080 
0.000000 1.226450 2.751849 0.000000 0.000000 0.000000 1.583372 0.287126 
0.000000 1.309448 1.892927 0.000000 0.000000 0.289878 1.388957 0.130806 
0.000000 1.247652 0.175067 0.000000 0.000000 0.000000 0.551878 0.000000 

0.070956 0.000000 0.000000 0.000000 0.000000 0.095424 1.865470 1.242110 
0.085214 0.103864 0.000000 0.000000 0.000000 0.000000 0.508324 0.447219 
0.000000 0.020545 0.000000 0.000000 0.000000 0.000000 0.259471 0.220622 
0.000000 0.000000 0.000000 0.000000 0.000000 0.000000 0.507745 0.285650 
0.000000 0.348154 0.000000 0.000000 0.000000 0.000000 0.477892 0.317421 
0.000000 0.370790 0.000000 0.000000 0.000000 0.000000 0.240135 0.259883 
0.000000 0.000000 0.000000 0.000000 0.000000 0.448901 0.271633 0.151030 
0.000000 0.000000 0.000000 0.000000 0.000000 0.783961 0.398865 0.089634 

0.000000 0.000000 0.000000 0.000000 0.000000 2.558733 0.313679 0.000000 
0.000000 0.000000 0.000000 0.000000 0.000000 3.095318 0.000000 0.000000 
0.000000 0.000000 0.000000 0.000000 0.758990 3.193356 0.000000 0.000000 
0.000000 0.000000 0.000000 0.000000 1.834505 2.698110 0.000000 0.000000 
0.000000 0.000000 0.000000 0.000000 2.638802 1.544013 0.000000 0.000000 
0.000000 0.000000 0.000000 0.000000 3.391290 0.405822 0.000000 0.000000 
0.000000 0.000000 0.000000 1.350628 4.455059 0.000000 0.000000 0.000000 
0.000000 0.000000 0.000000 1.592234 4.343443 0.000000 0.000000 0.000000 

0.007230 0.000000 0.000000 0.000000 0.000000 0.000000 0.000000 0.000000 
0.039697 0.000000 0.000000 0.000000 0.000000 0.000000 0.546277 0.000000 
0.000000 0.000000 0.000000 0.000000 0.000000 0.085205 0.589226 0.000000 
0.000000 0.000000 0.000000 0.000000 0.000000 0.000000 0.058226 0.000000 
0.000000 0.000000 0.000000 0.000000 0.000000 0.173281 0.000000 0.000000 
0.000000 0.000000 0.000000 0.000000 0.000000 0.726976 0.043845 0.000000 
0.000000 0.000000 0.000000 0.000000 0.000000 0.221168 0.000000 0.023089 
0.000000 0.000000 0.000000 0.000000 0.000000 0.000000 0.000000 0.000000 

0.000000 0.000000 0.000000 0.000000 0.000000 3.747785 2.424744 0.000000 
0.000000 0.000000 0.000000 0.000000 0.944027 4.406260 1.388699 0.000000 
0.000000 0.000000 0.000000 0.000000 2.064367 4.252180 0.306830 0.000000 
0.000000 0.000000 0.000000 0.000000 3.121183 3.644660 0.000000 0.000000 
0.000000 0.000000 0.000000 0.000000 4.019125 2.879302 0.000000 0.000000 
0.000000 0.000000 0.000000 0.098219 4.361010 1.861331 0.000000 0.000000 
0.000000 0.000000 0.000000 0.738229 3.971366 0.939137 0.000000 0.000000 
0.108613 0.000000 0.000000 1.334814 3.239274 0.000000 0.000000 0.000000 

0.000000 0.313821 1.921260 2.279424 0.000000 0.000000 0.000000 0.000000 
0.000000 0.221560 1.624803 1.326181 0.000000 0.000000 0.000000 0.000000 
0.000000 0.377030 1.710263 0.601033 0.000000 0.000000 0.000000 0.000000 
0.087808 0.830464 1.973181 0.230384 0.000000 0.000000 0.000000 0.000000 
0.157705 1.099267 1.809445 0.000000 0.000000 0.000000 0.000000 0.000000 
0.177652 1.524681 1.264196 0.000000 0.000000 0.000000 0.000000 0.000000 
0.230871 2.057058 1.148389 0.000000 0.000000 0.000000 0.000000 0.000000 
0.193579 2.550714 2.197713 0.000000 0.000000 0.000000 0.000000 0.000000 

0.003038 0.026284 0.687934 1.580359 0.000000 0.000000 0.000000 0.000000 
0.063940 0.034023 1.098348 1.145901 0.000000 0.000000 0.000000 0.000000 
0.103539 0.040757 1.513957 0.725308 0.000000 0.000000 0.000000 0.000000 
0.098560 0.189829 1.815224 0.075040 0.000000 0.000000 0.000000 0.000000 
0.087657 0.591152 1.760787 0.000000 0.000000 0.000000 0.000000 0.000000 
0.002752 1.242589 1.909560 0.000000 0.000000 0.000000 0.000000 0.000000 
0.000000 1.889432 2.420131 0.000000 0.000000 0.000000 0.000000 0.000000 
0.000000 1.618857 2.372309 0.000000 0.000000 0.000000 0.000000 0.000000 

0.082447 0.000000 0.000000 0.000000 0.000000 0.000000 0.266538 0.150465 
0.000000 0.000000 0.000000 0.000000 0.000000 0.180396 1.032552 0.509062 
0.000000 0.000000 0.000000 0.000000 0.000000 0.011419 0.660619 0.481911 
0.000000 0.000000 0.000000 0.000000 0.000000 0.136245 0.325788 0.364595 
0.000000 0.000000 0.000000 0.000000 0.000000 0.889484 0.415124 0.454959 
0.000000 0.000000 0.000000 0.000000 0.000000 1.047311 0.526146 0.416042 
0.000000 0.000000 0.000000 0.000000 0.000000 0.020905 0.113818 0.253492 
0.000000 0.000000 0.000000 0.000000 0.000000 0.000000 0.190933 0.216235 

0.000000 0.000000 0.000000 0.000000 0.000000 0.000000 0.000000 0.000000 
0.000000 0.000000 0.000000 0.000000 0.000000 0.000000 0.000000 0.000000 
0.072299 0.000000 0.000000 0.000000 0.000000 0.000000 0.000000 0.000000 
0.077234 0.000000 0.000000 0.000000 0.000000 0.000000 0.000000 0.000000 
0.000000 0.000000 0.000000 0.000000 0.000000 0.000000 0.000000 0.000000 
0.000000 0.000000 0.000000 0.000000 0.000000 0.000000 0.000000 0.000000 
0.000000 0.000000 0.405134 0.783742 0.737861 0.000000 0.000000 0.000000 
0.000000 0.163339 0.714749 1.135367 1.689720 0.876275 0.127037 0.000000 

0.000000 0.000000 0.000000 0.000000 0.000000 0.000000 0.042202 0.019935 
0.000000 0.000000 0.089029 0.000000 0.000000 0.000000 0.000000 0.000000 
0.000000 0.000000 0.002097 0.000000 0.000000 0.000000 0.000000 0.000000 
0.000000 0.000000 0.000000 0.000000 0.000000 0.000000 0.000000 0.000000 
0.000000 0.000000 0.000000 0.000000 0.000000 0.000000 0.000000 0.000000 
0.000000 0.000000 0.123666 0.000000 0.000000 0.000000 0.000000 0.000000 
0.000000 0.000000 0.185737 0.635211 0.000000 0.000000 0.000000 0.000000 
0.000000 0.000000 0.000000 0.000000 0.078297 0.000000 0.000000 0.000000 

0.045999 0.186174 0.246032 0.053284 0.000000 0.000000 0.000000 0.000000 
0.109105 0.375615 0.153529 0.000000 0.000000 0.000000 0.000000 0.000000 
0.021050 0.083759 0.000000 0.000000 0.000000 0.000000 0.000000 0.000000 
0.000000 0.122592 0.000000 0.000000 0.000000 0.000000 0.000000 0.000000 
0.229581 0.281468 0.000000 0.000000 0.000000 0.000000 0.000000 0.000000 
0.270114 0.097744 0.000000 0.000000 0.000000 0.000000 0.000000 0.000000 
0.233037 0.000000 0.000000 0.000000 0.000000 0.000000 0.000000 0.000000 
0.000000 0.000000 0.000000 0.000000 0.000000 0.000000 0.000000 0.000000 

0.000000 0.000000 0.000000 0.000000 0.000000 1.251189 0.839254 0.000000 
0.000000 0.000000 0.000000 0.000000 0.323334 1.956661 0.000000 0.000000 
0.000000 0.000000 0.000000 0.000000 1.225435 2.240406 0.000000 0.000000 
0.000000 0.000000 0.000000 0.000000 1.805053 1.860318 0.000000 0.000000 
0.000000 0.000000 0.000000 0.000000 2.283120 1.001771 0.000000 0.000000 
0.000000 0.000000 0.000000 0.230353 2.617621 0.000000 0.000000 0.000000 
0.000000 0.000000 0.000000 1.024230 2.164330 0.000000 0.000000 0.000000 
0.000000 0.000000 0.000000 1.787861 1.609407 0.000000 0.000000 0.000000 

0.000000 0.000000 0.000000 0.000000 1.653516 0.908313 0.000000 0.000000 
0.000000 0.000000 0.000000 0.163368 2.321486 0.020545 0.000000 0.000000 
0.000000 0.000000 0.000000 0.753867 2.475661 0.000000 0.000000 0.000000 
0.000000 0.000000 0.000000 1.446063 2.029162 0.000000 0.000000 0.000000 
0.000000 0.000000 0.000000 1.960952 1.342550 0.000000 0.000000 0.000000 
0.000000 0.000000 0.000000 2.361014 0.597392 0.000000 0.000000 0.000000 
0.000000 0.000000 0.530632 2.509721 0.000000 0.000000 0.000000 0.000000 
0.000000 0.000000 0.961893 2.007259 0.000000 0.000000 0.000000 0.000000 

