1.034216
0.000000
0.000000
0.000000
0.000000
0.000000
0.000000
0.000000
4.516753
1.690940
0.000000
4.304974
2.093488
0.000000
2.331950
0.000000
1.818368
1.262044
0.000000
1.140901
4.532786
1.597786
0.000000
0.000000
0.000000
3.256298
0.000000
0.305298
0.000000
0.000000
1.874086
0.000000
0.000000
0.000000
0.000000
0.925321
1.502268
0.000000
1.432043
2.289687
2.655176
0.000000
0.000000
0.000000
0.000000
1.788252
1.729529
0.000000
0.000000
0.000000
0.000000
0.000000
3.095346
0.000000
0.000000
0.000000
2.330326
0.000000
1.797969
0.520093
0.000000
0.838238
0.651146
4.773359
0.000000
0.000000
0.000000
0.175722
0.000000
0.000000
0.000000
0.000000
3.601810
5.415597
4.033341
3.608827
1.408356
0.000000
0.000000
0.000000
0.000000
0.000000
2.769937
0.000000
1.222864
0.000000
1.355121
0.000000
0.000000
0.714672
0.843879
0.000000
0.107712
0.000000
0.000000
0.000000
3.891208
0.000000
0.000000
0.000000
0.000000
0.000000
0.000000
0.000000
0.477522
0.000000
2.603384
0.000000
0.000000
0.000000
0.409411
0.000000
3.485502
3.194731
0.000000
0.000000
3.424399
0.000000
0.591372
2.064791
