0.162029
1.145973
5.032380
0.308109
0.000000
0.000000
1.683882
6.954327
1.588555
0.000000
3.963081
0.000000
0.000000
0.000000
1.360631
0.000000
0.886520
0.000000
0.000000
6.377758
4.932317
0.759734
0.000000
0.000000
1.497841
2.036451
2.200881
5.313525
0.000000
2.320326
0.000000
0.000000
0.000000
2.603405
4.360734
3.516997
0.136143
1.660239
0.000000
4.970119
0.000000
2.108150
0.673029
0.000000
0.808035
0.000000
1.588586
3.005214
3.614342
3.935498
0.000000
0.000000
0.000000
1.722035
0.000000
0.000000
3.081444
0.000000
0.000000
0.000000
4.385220
0.000000
3.127831
0.000000
2.299853
0.000000
0.651767
4.664801
0.000000
0.000000
0.000000
0.000000
0.138803
1.523027
0.000000
2.077392
3.100540
4.205662
0.000000
4.015513
0.000000
1.847372
0.000000
2.306231
