-0.030249
-0.052278
0.005280
0.012564
-0.041178
0.030411
-0.099388
-0.033858
0.077552
0.027589
-0.054489
-0.025855
-0.041029
-0.049932
0.022464
0.047388
0.097093
-0.047817
-0.074619
0.125542
0.023616
-0.083636
-0.106137
-0.018985
0.001160
-0.014062
-0.016792
0.150032
-0.009375
-0.028147
-0.051253
-0.056450
0.048683
0.063317
0.097599
0.006946
0.101083
0.113536
-0.006480
0.106422
-0.048668
0.126000
0.006359
-0.026972
-0.042447
0.057833
0.000241
0.055808
0.037286
-0.001511
-0.018698
0.009253
0.071054
0.002825
0.001213
-0.039105
0.038126
-0.095765
0.065937
-0.030041
0.060857
-0.040163
0.036218
-0.019338
0.032348
0.026890
-0.062200
-0.085216
-0.013183
-0.069366
-0.051088
-0.041768
0.093713
0.027224
0.055094
0.070931
0.172293
0.112915
-0.077329
0.073182
-0.090346
0.112230
0.014205
0.095541
