0.000000 0.000000 0.000000 0.000000 0.000000 0.000000 0.566815 0.733015 0.000000 0.000000 0.000000 0.000000 
0.000000 0.000000 0.000000 0.000000 0.000000 0.000000 0.854340 0.900902 0.000000 0.000000 0.000000 0.000000 
0.000000 0.000000 0.000000 0.000000 0.000000 0.000000 1.127555 0.887169 0.000000 0.000000 0.000000 0.000000 
0.000000 0.000000 0.000000 0.000000 0.000000 0.134473 1.165463 0.810059 0.000000 0.000000 0.000000 0.000000 
0.000000 0.000000 0.000000 0.000000 0.000000 0.338214 1.101139 0.283878 0.033960 0.000000 0.000000 0.000000 
0.000000 0.000000 0.000000 0.000000 0.000000 0.722326 1.085461 0.074605 0.000000 0.000000 0.000000 0.000000 
0.000000 0.000000 0.000000 0.000000 0.000000 1.067446 0.957956 0.000000 0.000000 0.000000 0.000000 0.000000 
0.000000 0.000000 0.000000 0.000000 0.018793 1.142438 0.759496 0.000000 0.000000 0.000000 0.000000 0.000000 
0.000000 0.000000 0.000000 0.000000 0.045973 1.210016 0.705147 0.000000 0.000000 0.000000 0.000000 0.000000 
0.000000 0.000000 0.000000 0.000000 0.025961 1.184792 0.609416 0.000000 0.000000 0.000000 0.000000 0.000000 
0.000000 0.000000 0.000000 0.000000 0.000000 0.543541 0.300571 0.000000 0.000000 0.000000 0.000000 0.000000 
0.000000 0.000000 0.000000 0.000000 0.062781 0.358792 0.454070 0.007254 0.000000 0.000000 0.000000 0.000000 

0.000000 0.000000 0.000000 0.000000 0.000000 0.000000 0.000000 0.290545 0.000000 0.000000 0.000000 0.000000 
0.000000 0.000000 0.000000 0.000000 0.000000 0.000000 1.070392 1.160592 0.000000 0.000000 0.000000 0.000000 
0.000000 0.000000 0.000000 0.000000 0.000000 0.239322 2.072900 1.319230 0.000000 0.000000 0.000000 0.000000 
0.000000 0.000000 0.000000 0.000000 0.000000 0.590947 2.198451 1.009365 0.000000 0.000000 0.000000 0.000000 
0.000000 0.000000 0.000000 0.000000 0.000000 1.179028 2.183325 0.105077 0.000000 0.000000 0.000000 0.000000 
0.000000 0.000000 0.000000 0.000000 0.000000 1.750229 2.215299 0.000000 0.000000 0.000000 0.000000 0.000000 
0.000000 0.000000 0.000000 0.000000 0.008885 2.103704 2.034482 0.000000 0.000000 0.000000 0.000000 0.000000 
0.000000 0.000000 0.000000 0.000000 0.318586 2.109162 1.370955 0.000000 0.000000 0.000000 0.000000 0.000000 
0.000000 0.000000 0.000000 0.000000 0.758312 1.978783 0.506874 0.000000 0.000000 0.000000 0.000000 0.000000 
0.000000 0.000000 0.000000 0.000000 1.158225 2.009305 0.005231 0.000000 0.000000 0.000000 0.000000 0.000000 
0.000000 0.000000 0.000000 0.000000 1.508456 2.059242 0.000000 0.000000 0.000000 0.000000 0.000000 0.000000 
0.000000 0.000000 0.000000 0.000000 0.902587 1.144778 0.000000 0.000000 0.000000 0.000000 0.000000 0.000000 

0.000000 0.000000 0.008435 0.008466 0.018555 0.117681 0.264925 0.118964 0.211892 0.001941 0.000000 0.000000 
0.000000 0.000000 0.004387 0.007797 0.017347 0.702319 1.104302 0.640883 0.382328 0.008245 0.000000 0.000000 
0.000000 0.000000 0.003759 0.008040 0.007742 0.752626 1.039905 0.595845 0.392912 0.012983 0.000000 0.000000 
0.000000 0.000000 0.000000 0.000000 0.000000 0.682167 0.661804 0.408392 0.106463 0.013837 0.000000 0.000000 
0.000000 0.000000 0.000000 0.002619 0.273977 0.845022 0.356496 0.373181 0.025929 0.003925 0.004899 0.000000 
0.000000 0.000000 0.004018 0.004519 0.441756 0.840167 0.435737 0.483072 0.015159 0.000000 0.000000 0.000000 
0.000000 0.000000 0.000000 0.001072 0.513346 0.874481 0.349499 0.397611 0.000000 0.000000 0.000000 0.000000 
0.000000 0.000000 0.000000 0.000000 0.578627 0.743508 0.359915 0.192566 0.000000 0.000000 0.000000 0.000000 
0.000000 0.000000 0.001478 0.008058 0.824398 0.707241 0.434876 0.164358 0.000000 0.000000 0.000000 0.000000 
0.000000 0.000000 0.000000 0.012482 0.933934 0.696490 0.455860 0.117847 0.000000 0.000000 0.000000 0.000000 
0.000000 0.000000 0.000000 0.018762 0.928204 0.655350 0.166411 0.000000 0.000000 0.000000 0.000000 0.000000 
0.000000 0.000000 0.000000 0.000000 0.000000 0.000000 0.000000 0.000000 0.000000 0.000000 0.000000 0.000000 

0.000000 0.000000 0.002670 0.007441 0.022179 0.282349 0.393668 0.778400 0.626093 0.027740 0.002318 0.001636 
0.000000 0.000000 0.000000 0.009223 0.019733 0.419152 0.399075 1.507791 0.936739 0.032603 0.010702 0.001981 
0.000000 0.000000 0.000000 0.008402 0.008899 0.241789 0.745014 1.658455 0.811900 0.017337 0.015561 0.010872 
0.000000 0.000000 0.000000 0.012464 0.055330 0.291487 1.198036 1.817505 0.446255 0.019281 0.007627 0.013659 
0.000000 0.000000 0.000272 0.000000 0.248405 0.249700 1.622891 1.833228 0.124540 0.005286 0.020216 0.001719 
0.000000 0.000000 0.001422 0.000070 0.267716 0.208176 1.851219 1.421605 0.005604 0.017600 0.011749 0.003832 
0.000000 0.000000 0.000000 0.005520 0.235257 0.377331 1.855846 0.976562 0.007173 0.007288 0.000000 0.000000 
0.000000 0.000000 0.000000 0.011167 0.270739 0.928204 1.710789 0.485252 0.000000 0.000000 0.000000 0.000000 
0.000000 0.000000 0.000000 0.006647 0.287135 1.322669 1.780467 0.384150 0.000000 0.000000 0.000000 0.000000 
0.000000 0.000000 0.000000 0.017612 0.184945 1.401040 1.773144 0.365359 0.000000 0.000000 0.000000 0.000000 
0.000000 0.000000 0.000000 0.000000 0.000000 1.065248 1.186930 0.080609 0.000000 0.000000 0.000000 0.000000 
0.000000 0.000000 0.000000 0.000000 0.000000 0.542270 0.341700 0.000000 0.000000 0.000000 0.000000 0.000000 

0.067204 0.067204 0.072740 0.065357 0.070447 0.055349 0.000000 0.000000 0.000000 0.086111 0.076160 0.073241 
0.067204 0.067204 0.086652 0.091520 0.092588 0.165883 0.141815 0.000000 0.020776 0.067776 0.060485 0.067695 
0.067204 0.067204 0.070987 0.075547 0.092838 0.601158 0.669587 0.053690 0.218881 0.088690 0.063712 0.069282 
0.067204 0.067204 0.084615 0.094462 0.082666 0.511855 0.475862 0.271924 0.348291 0.099601 0.091228 0.062056 
0.067204 0.067204 0.071901 0.082484 0.081265 0.358529 0.153067 0.266221 0.282768 0.063834 0.082690 0.076027 
0.067204 0.067204 0.073339 0.076494 0.287383 0.531806 0.041041 0.237525 0.121980 0.085499 0.074661 0.070752 
0.067204 0.067204 0.081785 0.088051 0.492702 0.648473 0.276917 0.343865 0.111367 0.085297 0.078798 0.073533 
0.067204 0.067204 0.070364 0.069586 0.474805 0.521714 0.263219 0.345218 0.081451 0.080018 0.072425 0.069078 
0.067204 0.067204 0.076911 0.083922 0.679221 0.329030 0.000000 0.071973 0.067204 0.067204 0.067204 0.067204 
0.067204 0.067204 0.073937 0.083029 0.889944 0.830655 0.069183 0.195306 0.067204 0.067204 0.067204 0.067204 
0.067204 0.067204 0.074359 0.115517 1.394412 1.999161 1.411566 0.310981 0.067204 0.067204 0.067204 0.067204 
0.067204 0.067204 0.077414 0.099316 0.889976 1.185647 0.939064 0.107067 0.067204 0.067204 0.067204 0.067204 

0.000000 0.000000 0.000000 0.000000 0.000000 0.017444 0.061785 0.000000 0.000000 0.000000 0.000000 0.000000 
0.000000 0.000000 0.000000 0.000000 0.000000 0.195557 0.860209 0.716186 0.000000 0.000000 0.000000 0.000000 
0.000000 0.000000 0.000000 0.000000 0.000000 0.006608 0.726205 0.827403 0.026145 0.000000 0.000000 0.000000 
0.000000 0.000000 0.000000 0.000000 0.000000 0.000000 0.521363 0.584468 0.033560 0.000000 0.000000 0.000000 
0.000000 0.000000 0.000000 0.000000 0.066999 0.000000 0.357975 0.305681 0.033837 0.000000 0.000000 0.000000 
0.000000 0.000000 0.000000 0.000000 0.029070 0.000000 0.683407 0.208462 0.000000 0.000000 0.000000 0.000000 
0.000000 0.000000 0.000000 0.000000 0.000000 0.132587 0.675264 0.152869 0.000000 0.000000 0.000000 0.000000 
0.000000 0.000000 0.000000 0.000000 0.000000 0.272447 0.598893 0.051025 0.000000 0.000000 0.000000 0.000000 
0.000000 0.000000 0.000000 0.000000 0.000000 0.896940 0.275687 0.000000 0.000000 0.000000 0.000000 0.000000 
0.000000 0.000000 0.000000 0.000000 0.000000 1.232113 0.596281 0.000000 0.000000 0.000000 0.000000 0.000000 
0.000000 0.000000 0.000000 0.000000 0.000000 1.577509 1.107365 0.055410 0.000000 0.000000 0.000000 0.000000 
0.000000 0.000000 0.000000 0.000000 0.000000 0.534230 0.830957 0.059675 0.000000 0.000000 0.000000 0.000000 

