0.000000 0.000000 0.233940 0.487974 
0.000000 0.006167 0.642080 0.299895 
0.000000 0.117056 0.765869 0.000000 
0.000000 0.518593 1.115248 0.000000 

0.000000 0.693228 0.578749 0.275217 
0.000000 0.320872 0.232976 0.543062 
0.000000 0.214864 0.019356 0.215624 
0.000000 0.460354 0.203920 0.192118 

0.049237 0.000000 0.059521 0.000000 
0.160182 0.000000 0.000000 0.000000 
0.035939 0.000000 0.000000 0.000000 
0.000000 0.000000 0.000000 0.000000 

0.000000 2.420324 0.000000 1.009234 
0.297703 2.595148 0.000000 1.191766 
1.226450 2.936063 0.000000 1.583372 
1.309448 1.892927 0.289878 1.388957 

0.103864 0.000000 0.095424 1.865470 
0.020545 0.000000 0.000000 0.507745 
0.370790 0.000000 0.000000 0.477892 
0.000000 0.000000 0.783961 0.398865 

0.000000 0.000000 3.095318 0.313679 
0.000000 0.000000 3.193356 0.000000 
0.000000 0.000000 3.391290 0.000000 
0.000000 1.592234 4.455059 0.000000 

0.039697 0.000000 0.000000 0.546277 
0.000000 0.000000 0.085205 0.589226 
0.000000 0.000000 0.726976 0.043845 
0.000000 0.000000 0.221168 0.023089 

0.000000 0.000000 4.406260 2.424744 
0.000000 0.000000 4.252180 0.306830 
0.000000 0.098219 4.361010 0.000000 
0.108613 1.334814 3.971366 0.000000 

0.313821 2.279424 0.000000 0.000000 
0.830464 1.973181 0.000000 0.000000 
1.524681 1.809445 0.000000 0.000000 
2.550714 2.197713 0.000000 0.000000 

0.063940 1.580359 0.000000 0.000000 
0.189829 1.815224 0.000000 0.000000 
1.242589 1.909560 0.000000 0.000000 
1.889432 2.420131 0.000000 0.000000 

0.082447 0.000000 0.180396 1.032552 
0.000000 0.000000 0.136245 0.660619 
0.000000 0.000000 1.047311 0.526146 
0.000000 0.000000 0.020905 0.253492 

0.000000 0.000000 0.000000 0.000000 
0.077234 0.000000 0.000000 0.000000 
0.000000 0.000000 0.000000 0.000000 
0.163339 1.135367 1.689720 0.127037 

0.000000 0.089029 0.000000 0.042202 
0.000000 0.002097 0.000000 0.000000 
0.000000 0.123666 0.000000 0.000000 
0.000000 0.635211 0.078297 0.000000 

0.375615 0.246032 0.000000 0.000000 
0.122592 0.000000 0.000000 0.000000 
0.281468 0.000000 0.000000 0.000000 
0.233037 0.000000 0.000000 0.000000 

0.000000 0.000000 1.956661 0.839254 
0.000000 0.000000 2.240406 0.000000 
0.000000 0.230353 2.617621 0.000000 
0.000000 1.787861 2.164330 0.000000 

0.000000 0.163368 2.321486 0.000000 
0.000000 1.446063 2.475661 0.000000 
0.000000 2.361014 1.342550 0.000000 
0.000000 2.509721 0.000000 0.000000 

