0.019608
0.000000
0.000000
0.000000
0.007843
0.003922
0.015686
0.035294
0.003922
0.000000
0.000000
0.000000
0.011765
0.011765
0.003922
0.000000
0.000000
0.000000
0.000000
0.000000
0.000000
0.000000
0.000000
0.000000
0.000000
0.000000
0.000000
0.000000
0.000000
0.011765
0.039216
0.015686
0.000000
0.000000
0.000000
0.000000
0.000000
0.000000
0.000000
0.000000
0.003922
0.000000
0.000000
0.000000
0.000000
0.000000
0.000000
0.000000
0.000000
0.000000
0.000000
0.000000
0.000000
0.000000
0.000000
0.000000
0.027451
0.011765
0.000000
0.000000
0.000000
0.019608
0.031373
0.027451
0.011765
0.000000
0.027451
0.000000
0.019608
0.000000
0.019608
0.011765
0.000000
0.000000
0.000000
0.000000
0.000000
0.000000
0.000000
0.000000
0.000000
0.000000
0.000000
0.000000
0.015686
0.000000
0.000000
0.031373
0.039216
0.000000
0.000000
0.000000
0.011765
0.000000
0.039216
0.000000
0.023529
0.000000
0.007843
0.000000
0.000000
0.000000
0.000000
0.000000
0.000000
0.000000
0.000000
0.000000
0.000000
0.000000
0.000000
0.000000
0.000000
0.000000
0.011765
0.027451
0.003922
0.000000
0.000000
0.047059
0.000000
0.000000
0.000000
0.000000
0.027451
0.000000
0.027451
0.015686
0.000000
0.000000
0.000000
0.000000
0.000000
0.000000
0.000000
0.000000
0.000000
0.000000
0.000000
0.000000
0.007843
0.027451
0.007843
0.000000
0.000000
0.019608
0.015686
0.000000
0.031373
0.023529
0.011765
0.011765
0.000000
0.000000
0.000000
0.000000
0.000000
0.000000
0.000000
0.000000
0.000000
0.000000
0.000000
0.000000
0.000000
0.000000
0.000000
0.000000
0.007843
0.000000
0.011765
0.031373
0.015686
0.000000
0.000000
0.027451
0.000000
0.000000
0.000000
0.000000
0.000000
0.043137
0.000000
0.015686
0.000000
0.000000
0.000000
0.000000
0.000000
0.000000
0.000000
0.000000
0.000000
0.000000
0.000000
0.000000
0.035294
0.000000
0.000000
0.047059
0.000000
0.000000
0.349020
0.819608
1.000000
0.945098
0.690196
0.596078
0.321569
0.258824
0.043137
0.000000
0.000000
0.000000
0.000000
0.000000
0.000000
0.000000
0.000000
0.000000
0.000000
0.000000
0.000000
0.000000
0.011765
0.000000
0.050980
0.023529
0.000000
0.003922
0.466667
0.972549
0.988235
0.901961
0.984314
1.000000
0.972549
1.000000
0.858824
0.847059
0.654902
0.160784
0.019608
0.019608
0.000000
0.000000
0.050980
0.000000
0.000000
0.003922
0.015686
0.011765
0.007843
0.058824
0.000000
0.000000
0.050980
0.000000
0.600000
1.000000
0.705882
0.188235
0.298039
0.427451
0.580392
0.600000
0.713726
0.874510
1.000000
0.980392
0.745098
0.317647
0.058824
0.011765
0.000000
0.035294
0.000000
0.000000
0.000000
0.000000
0.000000
0.000000
0.000000
0.039216
0.000000
0.196078
0.913725
0.964706
0.623529
0.000000
0.003922
0.000000
0.050980
0.000000
0.054902
0.101961
0.282353
0.807843
0.925490
1.000000
0.584314
0.054902
0.000000
0.003922
0.023529
0.015686
0.003922
0.000000
0.011765
0.023529
0.054902
0.062745
0.007843
0.596078
0.952941
1.000000
0.427451
0.011765
0.019608
0.000000
0.000000
0.023529
0.000000
0.000000
0.031373
0.027451
0.321569
0.917647
0.988235
0.478431
0.000000
0.000000
0.000000
0.000000
0.003922
0.019608
0.000000
0.000000
0.000000
0.000000
0.000000
0.674510
0.972549
0.937255
0.086275
0.000000
0.015686
0.027451
0.031373
0.043137
0.000000
0.043137
0.000000
0.027451
0.086275
0.752941
1.000000
0.266667
0.000000
0.000000
0.000000
0.000000
0.000000
0.000000
0.027451
0.007843
0.000000
0.035294
0.019608
0.407843
0.835294
0.513726
0.000000
0.031373
0.011765
0.000000
0.003922
0.000000
0.000000
0.007843
0.066667
0.000000
0.596078
1.000000
0.631373
0.062745
0.047059
0.086275
0.066667
0.019608
0.000000
0.000000
0.000000
0.086275
0.000000
0.000000
0.039216
0.000000
0.078431
0.000000
0.003922
0.043137
0.000000
0.176471
0.368627
0.490196
0.662745
0.666667
0.639216
0.760784
0.800000
1.000000
1.000000
0.705882
0.725490
1.000000
0.125490
0.058824
0.011765
0.007843
0.015686
0.000000
0.000000
0.062745
0.000000
0.003922
0.000000
0.023529
0.011765
0.000000
0.000000
0.850980
0.984314
0.976471
0.952941
0.945098
0.886275
0.992157
1.000000
0.745098
0.223529
0.082353
0.090196
0.250980
0.054902
0.003922
0.000000
0.003922
0.000000
0.000000
0.000000
0.000000
0.000000
0.000000
0.000000
0.000000
0.000000
0.070588
0.000000
0.537255
0.760784
0.494118
0.278431
0.074510
0.588235
1.000000
0.678431
0.145098
0.019608
0.000000
0.019608
0.000000
0.000000
0.000000
0.000000
0.000000
0.000000
0.000000
0.000000
0.000000
0.000000
0.000000
0.000000
0.000000
0.000000
0.000000
0.000000
0.054902
0.000000
0.062745
0.000000
0.250980
0.941176
0.717647
0.278431
0.000000
0.000000
0.000000
0.000000
0.035294
0.000000
0.000000
0.000000
0.000000
0.000000
0.000000
0.000000
0.000000
0.000000
0.000000
0.000000
0.000000
0.027451
0.000000
0.000000
0.000000
0.039216
0.007843
0.019608
0.886275
0.949020
0.254902
0.000000
0.000000
0.007843
0.047059
0.000000
0.007843
0.000000
0.000000
0.000000
0.000000
0.000000
0.000000
0.000000
0.000000
0.000000
0.000000
0.000000
0.000000
0.000000
0.000000
0.007843
0.000000
0.000000
0.027451
0.709804
1.000000
0.505882
0.000000
0.000000
0.031373
0.000000
0.039216
0.000000
0.000000
0.000000
0.000000
0.000000
0.000000
0.000000
0.000000
0.000000
0.000000
0.000000
0.000000
0.000000
0.000000
0.007843
0.027451
0.035294
0.027451
0.000000
0.164706
1.000000
0.800000
0.117647
0.000000
0.000000
0.015686
0.000000
0.000000
0.027451
0.019608
0.000000
0.000000
0.000000
0.000000
0.000000
0.000000
0.000000
0.000000
0.000000
0.000000
0.000000
0.000000
0.000000
0.015686
0.000000
0.000000
0.101961
0.576471
0.905882
0.349020
0.000000
0.019608
0.000000
0.000000
0.015686
0.000000
0.031373
0.000000
0.000000
0.000000
0.000000
0.000000
0.000000
0.000000
0.000000
0.000000
0.000000
0.000000
0.000000
0.000000
0.047059
0.000000
0.015686
0.000000
0.254902
1.000000
0.901961
0.019608
0.000000
0.003922
0.000000
0.019608
0.050980
0.003922
0.003922
0.000000
0.000000
0.000000
0.000000
0.000000
0.000000
0.000000
0.000000
0.000000
0.000000
0.000000
0.000000
0.000000
0.000000
0.000000
0.000000
0.019608
0.690196
0.968627
0.474510
0.000000
0.003922
0.000000
0.015686
0.015686
0.000000
0.000000
0.007843
0.007843
0.000000
0.000000
0.000000
0.000000
0.000000
0.000000
0.000000
0.000000
0.000000
0.000000
0.000000
0.000000
0.000000
0.000000
0.027451
0.313726
1.000000
0.933333
0.105882
0.039216
0.000000
0.000000
0.000000
0.000000
0.000000
0.000000
0.000000
0.000000
0.000000
0.000000
0.000000
0.000000
0.000000
0.000000
0.000000
0.000000
0.000000
0.000000
0.000000
0.000000
0.011765
0.000000
0.054902
0.447059
1.000000
0.796078
0.031373
0.000000
0.000000
0.000000
0.000000
0.000000
0.000000
0.000000
0.000000
0.000000
0.000000
0.000000
0.000000
0.000000
0.000000
0.000000
0.000000
0.000000
0.000000
0.000000
0.000000
0.000000
0.011765
0.000000
0.003922
0.294118
0.643137
0.411765
0.000000
0.000000
0.000000
0.000000
0.000000
0.000000
0.000000
0.000000
0.000000
0.000000
0.000000
0.000000
0.000000
0.000000
0.000000
0.000000
0.000000
0.000000
0.000000
0.000000
0.000000
0.000000
0.000000
0.031373
0.000000
0.000000
0.105882
0.043137
0.000000
0.019608
0.000000
0.000000
0.000000
0.000000
0.000000
0.000000
0.000000
0.000000
0.000000
0.000000
0.000000
0.000000
