0.000000
0.000000
0.000000
0.000000
0.000000
0.000000
0.000000
0.000000
0.000000
0.027451
0.000000
0.000000
0.000000
0.000000
0.000000
0.023529
0.027451
0.000000
0.000000
0.000000
0.000000
0.011765
0.003922
0.000000
0.000000
0.000000
0.000000
0.000000
0.000000
0.000000
0.000000
0.000000
0.000000
0.000000
0.000000
0.000000
0.011765
0.000000
0.000000
0.054902
0.062745
0.031373
0.003922
0.000000
0.000000
0.000000
0.054902
0.003922
0.000000
0.000000
0.054902
0.015686
0.000000
0.000000
0.000000
0.000000
0.000000
0.000000
0.000000
0.000000
0.000000
0.000000
0.000000
0.000000
0.000000
0.019608
0.050980
0.000000
0.000000
0.000000
0.035294
0.000000
0.105882
0.000000
0.000000
0.000000
0.019608
0.000000
0.000000
0.011765
0.000000
0.000000
0.000000
0.000000
0.000000
0.000000
0.000000
0.000000
0.000000
0.000000
0.000000
0.000000
0.015686
0.000000
0.000000
0.019608
0.043137
0.019608
0.015686
0.031373
0.000000
0.000000
0.058824
0.027451
0.000000
0.007843
0.027451
0.000000
0.000000
0.000000
0.000000
0.000000
0.000000
0.000000
0.000000
0.000000
0.000000
0.000000
0.000000
0.000000
0.000000
0.043137
0.007843
0.000000
0.000000
0.000000
0.000000
0.015686
0.043137
0.011765
0.000000
0.007843
0.000000
0.019608
0.011765
0.000000
0.000000
0.000000
0.000000
0.000000
0.000000
0.000000
0.000000
0.000000
0.000000
0.000000
0.000000
0.000000
0.000000
0.007843
0.000000
0.000000
0.039216
0.023529
0.000000
0.000000
0.000000
0.000000
0.015686
0.035294
0.000000
0.000000
0.007843
0.011765
0.000000
0.000000
0.000000
0.000000
0.000000
0.000000
0.000000
0.000000
0.000000
0.000000
0.000000
0.000000
0.031373
0.000000
0.031373
0.043137
0.000000
0.015686
0.443137
0.792157
0.976471
1.000000
1.000000
0.529412
0.172549
0.000000
0.027451
0.011765
0.000000
0.000000
0.000000
0.000000
0.000000
0.000000
0.000000
0.000000
0.000000
0.000000
0.000000
0.000000
0.003922
0.000000
0.007843
0.000000
0.129412
0.737255
0.901961
0.396078
0.203922
0.023529
0.415686
0.635294
0.717647
0.043137
0.000000
0.015686
0.000000
0.000000
0.000000
0.000000
0.000000
0.000000
0.000000
0.000000
0.000000
0.000000
0.000000
0.000000
0.035294
0.000000
0.015686
0.227451
0.901961
0.741176
0.121569
0.000000
0.011765
0.000000
0.054902
0.000000
0.800000
0.066667
0.027451
0.000000
0.000000
0.000000
0.000000
0.000000
0.000000
0.000000
0.000000
0.000000
0.000000
0.000000
0.000000
0.000000
0.000000
0.078431
0.094118
0.905882
0.709804
0.000000
0.000000
0.019608
0.015686
0.007843
0.000000
0.466667
0.894118
0.000000
0.003922
0.000000
0.000000
0.000000
0.000000
0.000000
0.000000
0.000000
0.000000
0.000000
0.000000
0.000000
0.000000
0.000000
0.000000
0.000000
0.678431
0.909804
0.125490
0.015686
0.039216
0.000000
0.000000
0.027451
0.309804
0.901961
0.423529
0.070588
0.000000
0.039216
0.000000
0.000000
0.000000
0.000000
0.000000
0.000000
0.000000
0.000000
0.000000
0.000000
0.000000
0.000000
0.007843
0.392157
0.964706
0.184314
0.000000
0.019608
0.000000
0.003922
0.031373
0.247059
0.847059
0.427451
0.000000
0.000000
0.023529
0.000000
0.000000
0.000000
0.000000
0.000000
0.000000
0.000000
0.000000
0.000000
0.000000
0.000000
0.000000
0.000000
0.031373
0.478431
0.823529
0.000000
0.121569
0.000000
0.031373
0.109804
0.427451
0.921569
0.713726
0.000000
0.050980
0.000000
0.086275
0.000000
0.000000
0.000000
0.000000
0.000000
0.000000
0.000000
0.000000
0.000000
0.000000
0.000000
0.000000
0.000000
0.000000
0.501961
0.913725
0.000000
0.023529
0.258824
0.494118
0.705882
0.749020
0.862745
0.105882
0.000000
0.000000
0.043137
0.000000
0.000000
0.000000
0.000000
0.000000
0.000000
0.000000
0.000000
0.000000
0.000000
0.000000
0.000000
0.000000
0.000000
0.000000
0.305882
0.964706
0.913725
0.862745
1.000000
0.780392
0.231373
0.921569
0.266667
0.047059
0.000000
0.003922
0.007843
0.003922
0.035294
0.000000
0.000000
0.000000
0.000000
0.000000
0.000000
0.000000
0.000000
0.000000
0.000000
0.000000
0.000000
0.007843
0.000000
0.313726
0.470588
0.545098
0.243137
0.000000
0.607843
0.827451
0.019608
0.039216
0.000000
0.000000
0.000000
0.011765
0.000000
0.000000
0.000000
0.000000
0.000000
0.000000
0.000000
0.000000
0.000000
0.000000
0.000000
0.000000
0.000000
0.003922
0.000000
0.019608
0.007843
0.000000
0.000000
0.352941
1.000000
0.274510
0.000000
0.000000
0.000000
0.035294
0.000000
0.000000
0.035294
0.000000
0.000000
0.000000
0.000000
0.000000
0.000000
0.000000
0.000000
0.000000
0.000000
0.000000
0.000000
0.000000
0.066667
0.019608
0.000000
0.043137
0.184314
0.890196
0.623529
0.000000
0.000000
0.031373
0.000000
0.000000
0.007843
0.023529
0.000000
0.000000
0.000000
0.000000
0.000000
0.000000
0.000000
0.000000
0.000000
0.000000
0.000000
0.000000
0.000000
0.019608
0.000000
0.000000
0.000000
0.015686
0.835294
0.811765
0.074510
0.000000
0.000000
0.011765
0.047059
0.000000
0.007843
0.015686
0.007843
0.000000
0.000000
0.000000
0.000000
0.000000
0.000000
0.000000
0.000000
0.000000
0.000000
0.000000
0.000000
0.003922
0.000000
0.062745
0.027451
0.356863
0.992157
0.196078
0.000000
0.000000
0.015686
0.000000
0.007843
0.000000
0.003922
0.007843
0.000000
0.000000
0.000000
0.000000
0.000000
0.000000
0.000000
0.000000
0.000000
0.000000
0.000000
0.000000
0.000000
0.007843
0.019608
0.000000
0.176471
0.988235
0.513726
0.000000
0.031373
0.000000
0.027451
0.000000
0.058824
0.019608
0.000000
0.000000
0.007843
0.000000
0.000000
0.000000
0.000000
0.000000
0.000000
0.000000
0.000000
0.000000
0.000000
0.000000
0.000000
0.003922
0.031373
0.043137
0.811765
0.803922
0.113725
0.007843
0.000000
0.000000
0.086275
0.000000
0.000000
0.015686
0.035294
0.043137
0.000000
0.000000
0.000000
0.000000
0.000000
0.000000
0.000000
0.000000
0.000000
0.000000
0.000000
0.000000
0.000000
0.000000
0.050980
0.607843
1.000000
0.109804
0.000000
0.000000
0.023529
0.015686
0.000000
0.019608
0.588235
0.823529
0.356863
0.066667
0.000000
0.000000
0.000000
0.000000
0.000000
0.000000
0.000000
0.000000
0.000000
0.000000
0.000000
0.000000
0.000000
0.054902
0.156863
0.984314
0.356863
0.000000
0.000000
0.027451
0.000000
0.000000
0.094118
0.000000
0.039216
0.509804
0.717647
0.576471
0.043137
0.000000
0.000000
0.000000
0.000000
0.000000
0.000000
0.000000
0.000000
0.000000
0.000000
0.000000
0.000000
0.000000
0.811765
0.572549
0.015686
0.000000
0.015686
0.000000
0.000000
0.000000
0.000000
0.000000
0.000000
0.000000
0.000000
0.000000
0.000000
0.000000
0.000000
0.000000
0.000000
0.000000
0.000000
0.000000
0.000000
0.000000
0.000000
0.000000
0.000000
0.098039
0.929412
0.113725
0.000000
0.047059
0.000000
0.000000
0.050980
0.000000
0.000000
0.000000
0.000000
0.000000
0.000000
0.000000
0.000000
0.000000
0.000000
0.000000
0.000000
0.000000
0.000000
0.000000
0.000000
0.000000
0.000000
0.000000
0.000000
0.050980
0.000000
0.058824
0.027451
0.000000
0.035294
0.007843
0.000000
0.000000
0.000000
0.000000
0.000000
0.000000
0.000000
0.000000
0.000000
0.000000
0.000000
0.000000
0.000000
0.000000
0.000000
0.000000
0.000000
0.000000
0.000000
0.000000
0.000000
0.015686
0.000000
0.015686
0.011765
0.015686
0.000000
0.000000
0.000000
0.000000
0.000000
0.000000
0.000000
0.000000
0.000000
0.000000
0.000000
0.000000
0.000000
0.000000
0.000000
