0.000000
0.000000
0.000000
0.000000
0.000000
0.000000
0.000000
0.000000
0.000000
0.015686
0.023529
0.000000
0.000000
0.000000
0.058824
0.000000
0.000000
0.000000
0.035294
0.000000
0.035294
0.007843
0.000000
0.003922
0.000000
0.000000
0.000000
0.000000
0.000000
0.000000
0.000000
0.000000
0.000000
0.000000
0.000000
0.000000
0.027451
0.000000
0.000000
0.000000
0.027451
0.000000
0.007843
0.000000
0.000000
0.066667
0.000000
0.058824
0.000000
0.000000
0.070588
0.000000
0.000000
0.000000
0.000000
0.000000
0.000000
0.000000
0.000000
0.000000
0.000000
0.000000
0.000000
0.000000
0.000000
0.031373
0.000000
0.000000
0.039216
0.000000
0.007843
0.015686
0.011765
0.000000
0.000000
0.019608
0.000000
0.000000
0.035294
0.000000
0.000000
0.000000
0.000000
0.000000
0.000000
0.000000
0.000000
0.000000
0.000000
0.000000
0.000000
0.000000
0.098039
0.000000
0.000000
0.129412
0.294118
0.654902
0.960784
0.792157
0.372549
0.090196
0.019608
0.000000
0.000000
0.039216
0.000000
0.031373
0.000000
0.000000
0.000000
0.000000
0.000000
0.000000
0.000000
0.000000
0.000000
0.000000
0.000000
0.000000
0.011765
0.000000
0.113725
0.619608
0.956863
1.000000
1.000000
0.960784
0.949020
0.807843
0.164706
0.011765
0.000000
0.000000
0.000000
0.023529
0.000000
0.000000
0.000000
0.000000
0.000000
0.000000
0.000000
0.000000
0.000000
0.000000
0.000000
0.000000
0.000000
0.070588
0.447059
1.000000
1.000000
0.549020
0.482353
0.835294
1.000000
1.000000
0.635294
0.000000
0.015686
0.000000
0.011765
0.000000
0.000000
0.000000
0.000000
0.000000
0.000000
0.000000
0.000000
0.000000
0.000000
0.000000
0.000000
0.000000
0.007843
0.000000
0.537255
0.984314
0.364706
0.000000
0.023529
0.074510
0.529412
0.925490
0.996078
0.125490
0.035294
0.027451
0.003922
0.000000
0.000000
0.000000
0.000000
0.000000
0.000000
0.000000
0.000000
0.000000
0.000000
0.000000
0.000000
0.000000
0.000000
0.039216
0.000000
0.074510
0.015686
0.031373
0.003922
0.000000
0.054902
0.925490
0.956863
0.537255
0.000000
0.003922
0.000000
0.000000
0.000000
0.000000
0.000000
0.000000
0.000000
0.000000
0.000000
0.000000
0.000000
0.000000
0.000000
0.000000
0.023529
0.000000
0.000000
0.015686
0.000000
0.035294
0.000000
0.011765
0.243137
0.847059
1.000000
0.752941
0.000000
0.000000
0.035294
0.000000
0.000000
0.000000
0.000000
0.000000
0.000000
0.000000
0.000000
0.000000
0.000000
0.000000
0.000000
0.000000
0.000000
0.054902
0.094118
0.019608
0.000000
0.050980
0.031373
0.000000
0.000000
0.835294
1.000000
0.423529
0.027451
0.023529
0.000000
0.000000
0.000000
0.000000
0.000000
0.000000
0.000000
0.000000
0.000000
0.000000
0.000000
0.000000
0.000000
0.000000
0.031373
0.000000
0.023529
0.113725
0.015686
0.019608
0.000000
0.000000
0.203922
0.972549
0.960784
0.129412
0.019608
0.000000
0.000000
0.015686
0.000000
0.000000
0.000000
0.000000
0.000000
0.000000
0.000000
0.000000
0.000000
0.000000
0.000000
0.000000
0.000000
0.047059
0.086275
0.011765
0.066667
0.505882
0.611765
0.482353
0.854902
0.960784
0.572549
0.035294
0.000000
0.000000
0.035294
0.003922
0.000000
0.000000
0.000000
0.000000
0.000000
0.000000
0.000000
0.000000
0.000000
0.000000
0.000000
0.000000
0.043137
0.000000
0.000000
0.027451
0.380392
0.988235
1.000000
0.956863
1.000000
0.733333
0.066667
0.003922
0.000000
0.000000
0.023529
0.000000
0.000000
0.000000
0.000000
0.000000
0.000000
0.000000
0.000000
0.000000
0.000000
0.000000
0.000000
0.000000
0.000000
0.027451
0.000000
0.000000
0.239216
0.772549
0.952941
0.980392
0.956863
0.737255
0.015686
0.000000
0.015686
0.000000
0.000000
0.003922
0.000000
0.000000
0.000000
0.000000
0.000000
0.000000
0.000000
0.000000
0.000000
0.000000
0.000000
0.000000
0.000000
0.000000
0.000000
0.050980
0.000000
0.043137
0.372549
1.000000
1.000000
0.929412
0.447059
0.007843
0.011765
0.000000
0.000000
0.023529
0.000000
0.000000
0.000000
0.000000
0.000000
0.000000
0.000000
0.000000
0.000000
0.000000
0.000000
0.000000
0.000000
0.031373
0.000000
0.000000
0.000000
0.011765
0.000000
0.266667
1.000000
0.976471
0.835294
0.074510
0.000000
0.000000
0.031373
0.000000
0.000000
0.000000
0.000000
0.000000
0.000000
0.011765
0.000000
0.000000
0.000000
0.000000
0.000000
0.003922
0.000000
0.031373
0.000000
0.000000
0.050980
0.000000
0.000000
0.039216
0.545098
1.000000
1.000000
0.415686
0.011765
0.000000
0.015686
0.000000
0.000000
0.000000
0.000000
0.000000
0.000000
0.007843
0.000000
0.000000
0.023529
0.039216
0.019608
0.015686
0.000000
0.011765
0.027451
0.074510
0.423529
0.686275
0.047059
0.000000
0.117647
0.929412
1.000000
0.384314
0.007843
0.000000
0.000000
0.027451
0.000000
0.000000
0.000000
0.000000
0.000000
0.023529
0.007843
0.000000
0.003922
0.015686
0.000000
0.000000
0.019608
0.027451
0.462745
0.874510
0.992157
0.035294
0.007843
0.019608
0.094118
0.980392
1.000000
0.337255
0.031373
0.015686
0.000000
0.019608
0.000000
0.000000
0.000000
0.000000
0.007843
0.019608
0.000000
0.000000
0.000000
0.000000
0.000000
0.023529
0.176471
0.784314
1.000000
0.984314
0.160784
0.031373
0.113725
0.207843
0.709804
1.000000
0.827451
0.184314
0.003922
0.023529
0.000000
0.007843
0.000000
0.000000
0.000000
0.000000
0.011765
0.000000
0.000000
0.015686
0.023529
0.000000
0.039216
0.184314
0.713726
1.000000
0.968627
0.905882
0.796078
0.721569
0.952941
1.000000
1.000000
0.878431
0.396078
0.003922
0.000000
0.007843
0.011765
0.027451
0.000000
0.000000
0.000000
0.000000
0.015686
0.000000
0.000000
0.019608
0.031373
0.000000
0.054902
0.215686
1.000000
0.972549
1.000000
0.976471
1.000000
0.968627
0.980392
0.949020
0.709804
0.325490
0.031373
0.000000
0.003922
0.015686
0.019608
0.000000
0.000000
0.000000
0.000000
0.000000
0.003922
0.011765
0.000000
0.000000
0.003922
0.000000
0.003922
0.082353
0.494118
0.847059
0.917647
1.000000
0.862745
0.643137
0.764706
0.360784
0.133333
0.000000
0.000000
0.027451
0.031373
0.015686
0.003922
0.000000
0.000000
0.000000
0.000000
0.000000
0.000000
0.023529
0.007843
0.000000
0.000000
0.011765
0.000000
0.000000
0.000000
0.015686
0.000000
0.000000
0.011765
0.015686
0.000000
0.027451
0.000000
0.000000
0.027451
0.000000
0.000000
0.000000
0.019608
0.015686
0.000000
0.000000
0.000000
0.000000
0.000000
0.000000
0.000000
0.000000
0.000000
0.000000
0.000000
0.000000
0.000000
0.000000
0.000000
0.000000
0.000000
0.000000
0.000000
0.000000
0.000000
0.000000
0.000000
0.000000
0.000000
0.000000
0.000000
0.000000
0.000000
0.000000
0.000000
0.000000
0.000000
0.000000
0.000000
0.000000
0.000000
0.000000
0.000000
0.000000
0.000000
0.000000
0.000000
0.000000
0.000000
0.000000
0.000000
0.000000
0.000000
0.000000
0.000000
0.000000
0.000000
0.000000
0.000000
0.000000
0.000000
0.000000
0.000000
0.000000
0.000000
0.000000
0.000000
0.000000
0.000000
0.000000
0.000000
0.000000
0.000000
0.000000
0.000000
0.000000
0.000000
0.000000
0.000000
0.000000
0.000000
0.000000
0.000000
0.000000
0.000000
0.000000
0.000000
0.000000
0.000000
0.000000
0.000000
0.000000
0.000000
0.000000
0.000000
0.000000
0.000000
0.000000
0.000000
0.000000
0.000000
0.000000
0.000000
0.000000
0.000000
0.000000
0.000000
0.000000
0.000000
0.000000
0.000000
0.000000
0.000000
0.000000
0.000000
0.000000
0.000000
0.000000
0.000000
0.000000
