0.000000
0.000000
0.000000
0.000000
0.000000
0.000000
0.000000
0.000000
0.015686
0.003922
0.000000
0.000000
0.109804
0.000000
0.000000
0.039216
0.035294
0.000000
0.007843
0.000000
0.011765
0.000000
0.019608
0.000000
0.000000
0.000000
0.000000
0.000000
0.000000
0.000000
0.000000
0.000000
0.000000
0.000000
0.000000
0.000000
0.000000
0.000000
0.003922
0.066667
0.000000
0.007843
0.039216
0.000000
0.000000
0.007843
0.000000
0.054902
0.000000
0.031373
0.000000
0.043137
0.000000
0.000000
0.000000
0.000000
0.000000
0.000000
0.000000
0.000000
0.000000
0.000000
0.000000
0.000000
0.043137
0.011765
0.007843
0.023529
0.011765
0.000000
0.000000
0.000000
0.000000
0.054902
0.000000
0.000000
0.019608
0.000000
0.047059
0.000000
0.000000
0.000000
0.000000
0.000000
0.000000
0.000000
0.000000
0.000000
0.000000
0.000000
0.000000
0.000000
0.000000
0.000000
0.000000
0.000000
0.023529
0.019608
0.000000
0.027451
0.000000
0.000000
0.086275
0.000000
0.000000
0.000000
0.070588
0.000000
0.000000
0.000000
0.000000
0.000000
0.000000
0.000000
0.000000
0.000000
0.000000
0.000000
0.000000
0.000000
0.031373
0.058824
0.000000
0.000000
0.003922
0.690196
0.964706
1.000000
1.000000
0.384314
0.223529
0.145098
0.000000
0.058824
0.000000
0.031373
0.000000
0.000000
0.000000
0.000000
0.000000
0.000000
0.000000
0.000000
0.000000
0.000000
0.000000
0.000000
0.000000
0.000000
0.000000
0.019608
0.380392
0.956863
1.000000
0.960784
0.952941
0.964706
0.972549
0.694118
0.215686
0.050980
0.039216
0.003922
0.000000
0.000000
0.000000
0.000000
0.000000
0.000000
0.000000
0.000000
0.000000
0.000000
0.000000
0.000000
0.047059
0.000000
0.000000
0.000000
0.729412
1.000000
0.960784
0.980392
0.964706
1.000000
1.000000
1.000000
0.803922
0.074510
0.000000
0.000000
0.000000
0.000000
0.000000
0.000000
0.000000
0.000000
0.000000
0.000000
0.000000
0.000000
0.000000
0.000000
0.000000
0.000000
0.003922
0.035294
0.490196
0.956863
0.952941
0.964706
0.850980
0.913725
1.000000
0.913725
1.000000
0.850980
0.011765
0.007843
0.000000
0.000000
0.000000
0.000000
0.000000
0.023529
0.000000
0.000000
0.015686
0.011765
0.003922
0.000000
0.050980
0.000000
0.000000
0.352941
1.000000
0.984314
0.968627
0.486275
0.039216
0.603922
1.000000
1.000000
0.886275
0.968627
0.000000
0.000000
0.000000
0.000000
0.000000
0.000000
0.000000
0.003922
0.000000
0.000000
0.000000
0.000000
0.011765
0.019608
0.000000
0.000000
0.435294
0.917647
0.937255
1.000000
0.929412
0.000000
0.000000
0.341176
0.941176
1.000000
1.000000
0.941176
0.427451
0.000000
0.000000
0.000000
0.000000
0.000000
0.003922
0.000000
0.007843
0.015686
0.000000
0.000000
0.019608
0.027451
0.000000
0.121569
0.568627
1.000000
0.937255
0.929412
0.337255
0.039216
0.000000
0.000000
0.294118
0.937255
0.996078
0.945098
0.733333
0.035294
0.000000
0.000000
0.000000
0.000000
0.003922
0.000000
0.023529
0.015686
0.000000
0.015686
0.003922
0.000000
0.066667
0.525490
1.000000
0.980392
0.905882
0.309804
0.035294
0.000000
0.054902
0.003922
0.149020
1.000000
0.980392
1.000000
0.996078
0.462745
0.000000
0.000000
0.000000
0.000000
0.000000
0.000000
0.031373
0.000000
0.000000
0.027451
0.000000
0.000000
0.556863
1.000000
0.913725
1.000000
0.682353
0.000000
0.000000
0.054902
0.000000
0.015686
0.125490
0.623529
0.968627
0.968627
0.996078
0.447059
0.000000
0.000000
0.000000
0.000000
0.003922
0.000000
0.031373
0.000000
0.000000
0.011765
0.000000
0.129412
0.890196
0.945098
0.996078
1.000000
0.686275
0.007843
0.000000
0.007843
0.011765
0.000000
0.000000
0.321569
1.000000
1.000000
0.964706
0.450980
0.000000
0.000000
0.000000
0.000000
0.007843
0.000000
0.023529
0.000000
0.000000
0.000000
0.082353
0.525490
1.000000
0.937255
0.933333
0.674510
0.000000
0.043137
0.000000
0.000000
0.007843
0.027451
0.000000
0.407843
0.980392
0.992157
0.917647
0.521569
0.000000
0.000000
0.000000
0.000000
0.003922
0.000000
0.019608
0.007843
0.027451
0.000000
0.196078
0.882353
0.964706
1.000000
0.333333
0.000000
0.023529
0.000000
0.000000
0.015686
0.000000
0.003922
0.019608
0.403922
0.972549
0.984314
0.898039
0.203922
0.000000
0.000000
0.000000
0.000000
0.000000
0.023529
0.000000
0.062745
0.000000
0.000000
0.529412
0.945098
1.000000
0.980392
0.388235
0.000000
0.007843
0.000000
0.007843
0.000000
0.000000
0.000000
0.101961
0.839216
0.945098
0.890196
0.227451
0.007843
0.000000
0.000000
0.000000
0.000000
0.000000
0.035294
0.000000
0.000000
0.011765
0.262745
0.878431
1.000000
0.925490
0.635294
0.031373
0.000000
0.027451
0.000000
0.000000
0.039216
0.019608
0.121569
0.886275
0.960784
0.980392
0.964706
0.000000
0.000000
0.000000
0.000000
0.000000
0.000000
0.000000
0.015686
0.000000
0.007843
0.023529
0.247059
0.976471
1.000000
1.000000
0.607843
0.000000
0.019608
0.000000
0.019608
0.000000
0.054902
0.337255
0.858824
0.996078
0.949020
1.000000
0.568627
0.000000
0.000000
0.000000
0.000000
0.000000
0.000000
0.019608
0.003922
0.003922
0.023529
0.000000
0.156863
0.964706
0.988235
0.933333
0.572549
0.058824
0.000000
0.000000
0.321569
0.619608
0.733333
0.996078
0.972549
0.929412
1.000000
0.588235
0.066667
0.000000
0.031373
0.000000
0.000000
0.000000
0.000000
0.000000
0.003922
0.003922
0.000000
0.000000
0.254902
1.000000
1.000000
1.000000
0.937255
0.850980
0.843137
0.823529
0.909804
0.996078
0.945098
1.000000
0.945098
1.000000
0.619608
0.050980
0.000000
0.031373
0.000000
0.000000
0.000000
0.000000
0.000000
0.000000
0.000000
0.000000
0.000000
0.011765
0.160784
0.764706
0.929412
1.000000
0.976471
0.952941
0.976471
1.000000
0.968627
0.996078
1.000000
0.882353
0.807843
0.568627
0.000000
0.003922
0.000000
0.082353
0.000000
0.000000
0.000000
0.000000
0.000000
0.015686
0.000000
0.000000
0.023529
0.011765
0.000000
0.239216
0.494118
0.894118
1.000000
0.984314
0.960784
1.000000
1.000000
0.917647
0.952941
0.803922
0.090196
0.039216
0.000000
0.031373
0.000000
0.011765
0.039216
0.000000
0.000000
0.000000
0.000000
0.000000
0.035294
0.000000
0.000000
0.023529
0.027451
0.000000
0.000000
0.356863
0.925490
1.000000
0.984314
0.952941
0.968627
0.474510
0.211765
0.129412
0.000000
0.000000
0.023529
0.000000
0.000000
0.000000
0.000000
0.000000
0.000000
0.000000
0.000000
0.000000
0.000000
0.000000
0.000000
0.000000
0.000000
0.000000
0.000000
0.000000
0.000000
0.000000
0.000000
0.000000
0.000000
0.000000
0.000000
0.000000
0.000000
0.000000
0.000000
0.000000
0.000000
0.000000
0.000000
0.000000
0.000000
0.000000
0.000000
0.000000
0.000000
0.000000
0.000000
0.000000
0.000000
0.000000
0.000000
0.000000
0.000000
0.000000
0.000000
0.000000
0.000000
0.000000
0.000000
0.000000
0.000000
0.000000
0.000000
0.000000
0.000000
0.000000
0.000000
0.000000
0.000000
0.000000
0.000000
0.000000
0.000000
0.000000
0.000000
0.000000
0.000000
0.000000
0.000000
0.000000
0.000000
0.000000
0.000000
0.000000
0.000000
0.000000
0.000000
0.000000
0.000000
0.000000
0.000000
0.000000
0.000000
0.000000
0.000000
0.000000
0.000000
0.000000
0.000000
0.000000
0.000000
0.000000
0.000000
0.000000
0.000000
0.000000
0.000000
0.000000
0.000000
0.000000
0.000000
0.000000
0.000000
0.000000
0.000000
0.000000
0.000000
0.000000
0.000000
0.000000
0.000000
0.000000
0.000000
0.000000
0.000000
0.000000
0.000000
