0.000000
0.000000
0.000000
0.000000
0.000000
0.000000
0.000000
0.000000
0.000000
0.000000
0.003922
0.000000
0.003922
0.007843
0.007843
0.000000
0.003922
0.015686
0.023529
0.007843
0.000000
0.000000
0.007843
0.015686
0.000000
0.000000
0.000000
0.000000
0.000000
0.000000
0.000000
0.000000
0.000000
0.000000
0.000000
0.000000
0.000000
0.000000
0.000000
0.000000
0.000000
0.000000
0.000000
0.000000
0.027451
0.000000
0.000000
0.000000
0.019608
0.000000
0.000000
0.000000
0.000000
0.000000
0.000000
0.000000
0.000000
0.000000
0.000000
0.000000
0.000000
0.000000
0.000000
0.000000
0.003922
0.000000
0.000000
0.000000
0.000000
0.000000
0.000000
0.000000
0.062745
0.019608
0.000000
0.011765
0.023529
0.007843
0.000000
0.000000
0.000000
0.000000
0.000000
0.000000
0.000000
0.000000
0.000000
0.000000
0.000000
0.000000
0.000000
0.000000
0.015686
0.003922
0.000000
0.003922
0.003922
0.000000
0.000000
0.011765
0.000000
0.000000
0.007843
0.000000
0.000000
0.011765
0.027451
0.011765
0.000000
0.000000
0.000000
0.000000
0.000000
0.000000
0.000000
0.000000
0.000000
0.000000
0.000000
0.000000
0.011765
0.000000
0.000000
0.007843
0.007843
0.000000
0.000000
0.011765
0.003922
0.015686
0.015686
0.000000
0.000000
0.000000
0.003922
0.003922
0.000000
0.000000
0.000000
0.000000
0.000000
0.000000
0.000000
0.000000
0.000000
0.000000
0.000000
0.000000
0.000000
0.000000
0.000000
0.011765
0.011765
0.000000
0.000000
0.007843
0.039216
0.000000
0.000000
0.011765
0.027451
0.000000
0.000000
0.011765
0.000000
0.000000
0.000000
0.000000
0.000000
0.000000
0.000000
0.000000
0.000000
0.000000
0.000000
0.000000
0.000000
0.000000
0.000000
0.031373
0.035294
0.003922
0.000000
0.019608
0.000000
0.003922
0.023529
0.003922
0.000000
0.000000
0.019608
0.031373
0.000000
0.000000
0.000000
0.000000
0.000000
0.000000
0.000000
0.000000
0.000000
0.000000
0.000000
0.000000
0.007843
0.000000
0.007843
0.050980
0.058824
0.027451
0.015686
0.039216
0.200000
0.400000
0.415686
0.160784
0.000000
0.000000
0.019608
0.000000
0.000000
0.000000
0.000000
0.000000
0.000000
0.000000
0.000000
0.000000
0.000000
0.000000
0.000000
0.000000
0.023529
0.000000
0.062745
0.545098
0.725490
0.301961
0.407843
0.913725
1.000000
1.000000
0.984314
0.819608
0.015686
0.000000
0.023529
0.000000
0.000000
0.000000
0.000000
0.000000
0.003922
0.003922
0.003922
0.003922
0.000000
0.000000
0.000000
0.000000
0.000000
0.007843
0.364706
0.913725
1.000000
0.713726
0.694118
0.313726
0.372549
0.407843
0.933333
0.941176
0.600000
0.015686
0.000000
0.003922
0.000000
0.000000
0.000000
0.000000
0.011765
0.011765
0.007843
0.007843
0.003922
0.003922
0.000000
0.000000
0.000000
0.000000
0.039216
0.592157
0.074510
0.043137
0.000000
0.054902
0.011765
0.000000
0.156863
1.000000
1.000000
0.000000
0.000000
0.031373
0.000000
0.000000
0.000000
0.000000
0.019608
0.015686
0.015686
0.011765
0.007843
0.003922
0.000000
0.000000
0.019608
0.098039
0.580392
0.454902
0.000000
0.039216
0.035294
0.000000
0.027451
0.058824
0.192157
0.992157
0.972549
0.000000
0.043137
0.000000
0.000000
0.000000
0.000000
0.000000
0.019608
0.015686
0.015686
0.011765
0.007843
0.003922
0.000000
0.000000
0.003922
0.639216
0.960784
0.050980
0.039216
0.000000
0.007843
0.031373
0.000000
0.000000
0.643137
0.972549
0.890196
0.011765
0.000000
0.000000
0.000000
0.000000
0.000000
0.000000
0.011765
0.011765
0.007843
0.007843
0.003922
0.003922
0.000000
0.000000
0.086275
0.643137
0.301961
0.000000
0.000000
0.031373
0.000000
0.000000
0.000000
0.133333
1.000000
0.996078
0.933333
0.000000
0.062745
0.047059
0.000000
0.000000
0.000000
0.000000
0.003922
0.003922
0.003922
0.003922
0.000000
0.000000
0.000000
0.000000
0.411765
0.964706
0.203922
0.000000
0.043137
0.000000
0.000000
0.039216
0.176471
0.870588
0.937255
0.847059
0.105882
0.031373
0.000000
0.000000
0.000000
0.000000
0.000000
0.000000
0.000000
0.000000
0.000000
0.000000
0.000000
0.000000
0.000000
0.000000
0.866667
0.886275
0.000000
0.000000
0.000000
0.066667
0.015686
0.145098
0.815686
0.992157
0.996078
0.121569
0.050980
0.000000
0.015686
0.011765
0.000000
0.000000
0.000000
0.000000
0.003922
0.000000
0.000000
0.003922
0.000000
0.000000
0.054902
0.152941
0.925490
0.274510
0.000000
0.027451
0.011765
0.070588
0.600000
0.917647
1.000000
0.705882
0.258824
0.019608
0.000000
0.000000
0.000000
0.000000
0.000000
0.000000
0.000000
0.000000
0.000000
0.000000
0.000000
0.011765
0.000000
0.000000
0.023529
0.098039
0.929412
0.607843
0.000000
0.000000
0.619608
0.862745
0.980392
1.000000
0.498039
0.278431
0.050980
0.000000
0.000000
0.003922
0.003922
0.003922
0.000000
0.000000
0.000000
0.000000
0.000000
0.000000
0.000000
0.015686
0.003922
0.000000
0.000000
0.027451
0.882353
0.913725
0.741176
0.913725
1.000000
0.988235
0.819608
0.278431
0.039216
0.000000
0.000000
0.000000
0.007843
0.003922
0.000000
0.000000
0.000000
0.000000
0.000000
0.000000
0.007843
0.000000
0.000000
0.011765
0.011765
0.000000
0.000000
0.000000
0.592157
1.000000
0.964706
0.988235
1.000000
0.647059
0.137255
0.000000
0.000000
0.000000
0.000000
0.027451
0.027451
0.000000
0.000000
0.000000
0.000000
0.000000
0.000000
0.000000
0.015686
0.000000
0.000000
0.000000
0.011765
0.003922
0.000000
0.000000
0.074510
0.270588
0.439216
0.419608
0.125490
0.003922
0.000000
0.035294
0.003922
0.003922
0.007843
0.015686
0.007843
0.000000
0.000000
0.011765
0.000000
0.000000
0.000000
0.000000
0.015686
0.000000
0.000000
0.000000
0.003922
0.007843
0.007843
0.003922
0.031373
0.000000
0.019608
0.015686
0.000000
0.074510
0.003922
0.000000
0.003922
0.000000
0.000000
0.000000
0.000000
0.000000
0.000000
0.000000
0.000000
0.000000
0.000000
0.000000
0.007843
0.003922
0.000000
0.000000
0.000000
0.003922
0.003922
0.000000
0.000000
0.011765
0.035294
0.000000
0.000000
0.003922
0.000000
0.031373
0.003922
0.003922
0.000000
0.000000
0.000000
0.000000
0.000000
0.000000
0.000000
0.000000
0.000000
0.000000
0.000000
0.003922
0.000000
0.000000
0.000000
0.000000
0.000000
0.000000
0.000000
0.015686
0.003922
0.000000
0.050980
0.000000
0.015686
0.000000
0.000000
0.003922
0.000000
0.000000
0.000000
0.003922
0.007843
0.003922
0.000000
0.000000
0.000000
0.000000
0.000000
0.000000
0.000000
0.000000
0.000000
0.000000
0.000000
0.000000
0.000000
0.000000
0.000000
0.000000
0.000000
0.000000
0.000000
0.000000
0.000000
0.000000
0.000000
0.000000
0.000000
0.000000
0.000000
0.000000
0.000000
0.000000
0.000000
0.000000
0.000000
0.000000
0.000000
0.000000
0.000000
0.000000
0.000000
0.000000
0.000000
0.000000
0.000000
0.000000
0.000000
0.000000
0.000000
0.000000
0.000000
0.000000
0.000000
0.000000
0.000000
0.000000
0.000000
0.000000
0.000000
0.000000
0.000000
0.000000
0.000000
0.000000
0.000000
0.000000
0.000000
0.000000
0.000000
0.000000
0.000000
0.000000
0.000000
0.000000
0.000000
0.000000
0.000000
0.000000
0.000000
0.000000
0.000000
0.000000
0.000000
0.000000
0.000000
0.000000
0.000000
0.000000
0.000000
0.000000
0.000000
0.000000
0.000000
0.000000
0.000000
0.000000
0.000000
0.000000
0.000000
0.000000
0.000000
0.000000
0.000000
0.000000
0.000000
0.000000
0.000000
0.000000
0.000000
0.000000
0.000000
0.000000
0.000000
0.000000
0.000000
0.000000
0.000000
0.000000
