0.000000
0.000000
0.000000
0.000000
0.000000
0.000000
0.000000
0.000000
0.000000
0.011765
0.031373
0.015686
0.000000
0.000000
0.000000
0.007843
0.000000
0.003922
0.015686
0.015686
0.000000
0.000000
0.000000
0.007843
0.000000
0.000000
0.000000
0.000000
0.000000
0.000000
0.000000
0.000000
0.000000
0.000000
0.000000
0.000000
0.015686
0.000000
0.000000
0.000000
0.031373
0.027451
0.007843
0.000000
0.019608
0.003922
0.000000
0.003922
0.007843
0.000000
0.000000
0.007843
0.000000
0.000000
0.000000
0.000000
0.000000
0.000000
0.000000
0.000000
0.000000
0.000000
0.000000
0.000000
0.015686
0.000000
0.003922
0.015686
0.000000
0.000000
0.000000
0.031373
0.000000
0.031373
0.035294
0.000000
0.000000
0.019608
0.027451
0.000000
0.000000
0.000000
0.000000
0.000000
0.000000
0.000000
0.000000
0.000000
0.000000
0.000000
0.000000
0.000000
0.003922
0.000000
0.000000
0.000000
0.007843
0.015686
0.000000
0.000000
0.058824
0.000000
0.000000
0.043137
0.047059
0.000000
0.000000
0.031373
0.000000
0.000000
0.000000
0.000000
0.000000
0.000000
0.000000
0.000000
0.000000
0.000000
0.000000
0.000000
0.007843
0.050980
0.054902
0.007843
0.000000
0.007843
0.023529
0.011765
0.000000
0.000000
0.000000
0.000000
0.000000
0.000000
0.019608
0.015686
0.000000
0.000000
0.000000
0.000000
0.000000
0.000000
0.000000
0.000000
0.000000
0.000000
0.000000
0.000000
0.000000
0.000000
0.000000
0.000000
0.054902
0.203922
0.325490
0.376471
0.219608
0.403922
0.458824
0.262745
0.039216
0.000000
0.000000
0.000000
0.000000
0.000000
0.000000
0.000000
0.000000
0.000000
0.000000
0.000000
0.000000
0.000000
0.000000
0.000000
0.078431
0.000000
0.039216
0.333333
0.705882
0.937255
0.992157
0.968627
0.921569
0.898039
0.941176
0.909804
0.592157
0.152941
0.000000
0.027451
0.000000
0.000000
0.000000
0.000000
0.000000
0.000000
0.000000
0.000000
0.000000
0.000000
0.000000
0.000000
0.000000
0.043137
0.368627
0.772549
0.992157
0.988235
0.964706
1.000000
0.960784
1.000000
1.000000
1.000000
0.960784
0.760784
0.356863
0.000000
0.000000
0.000000
0.000000
0.000000
0.027451
0.000000
0.003922
0.019608
0.000000
0.000000
0.000000
0.027451
0.015686
0.462745
0.964706
0.984314
0.956863
0.725490
1.000000
0.980392
0.992157
0.921569
0.780392
0.772549
1.000000
0.949020
0.933333
0.356863
0.000000
0.000000
0.000000
0.000000
0.000000
0.023529
0.000000
0.043137
0.000000
0.035294
0.027451
0.000000
0.384314
1.000000
0.956863
0.678431
0.207843
0.000000
1.000000
0.956863
0.647059
0.239216
0.000000
0.192157
0.376471
1.000000
0.956863
0.337255
0.000000
0.000000
0.000000
0.000000
0.000000
0.003922
0.000000
0.011765
0.000000
0.035294
0.160784
0.525490
0.933333
1.000000
0.972549
0.274510
0.043137
0.082353
0.000000
0.011765
0.007843
0.047059
0.000000
0.027451
0.000000
0.454902
1.000000
0.435294
0.000000
0.000000
0.000000
0.000000
0.007843
0.000000
0.031373
0.000000
0.000000
0.000000
0.588235
1.000000
1.000000
0.874510
0.360784
0.011765
0.000000
0.000000
0.000000
0.050980
0.015686
0.003922
0.003922
0.007843
0.000000
0.549020
0.992157
0.717647
0.000000
0.000000
0.000000
0.000000
0.000000
0.019608
0.000000
0.019608
0.000000
0.133333
1.000000
0.941176
0.988235
0.329412
0.000000
0.047059
0.007843
0.047059
0.035294
0.000000
0.011765
0.000000
0.000000
0.062745
0.000000
0.478431
0.941176
0.764706
0.000000
0.000000
0.000000
0.000000
0.000000
0.039216
0.000000
0.000000
0.184314
0.698039
1.000000
1.000000
0.427451
0.000000
0.000000
0.031373
0.000000
0.000000
0.007843
0.027451
0.000000
0.035294
0.000000
0.000000
0.000000
0.470588
1.000000
0.329412
0.000000
0.000000
0.000000
0.000000
0.000000
0.019608
0.019608
0.000000
0.364706
1.000000
0.882353
0.823529
0.137255
0.031373
0.043137
0.000000
0.011765
0.019608
0.000000
0.058824
0.000000
0.035294
0.019608
0.019608
0.035294
0.858824
0.960784
0.376471
0.000000
0.000000
0.000000
0.000000
0.000000
0.019608
0.000000
0.039216
0.345098
0.976471
1.000000
0.113725
0.000000
0.007843
0.023529
0.000000
0.011765
0.000000
0.031373
0.000000
0.015686
0.000000
0.000000
0.184314
0.823529
0.972549
1.000000
0.349020
0.000000
0.000000
0.000000
0.000000
0.007843
0.015686
0.000000
0.027451
0.847059
0.925490
0.678431
0.035294
0.047059
0.000000
0.000000
0.062745
0.000000
0.031373
0.023529
0.003922
0.000000
0.000000
0.023529
0.431373
0.945098
1.000000
0.819608
0.090196
0.000000
0.000000
0.000000
0.000000
0.000000
0.000000
0.019608
0.000000
0.764706
1.000000
0.411765
0.007843
0.000000
0.062745
0.000000
0.000000
0.000000
0.000000
0.000000
0.023529
0.011765
0.043137
0.000000
1.000000
0.988235
0.952941
0.384314
0.000000
0.000000
0.000000
0.000000
0.000000
0.000000
0.035294
0.007843
0.000000
0.333333
1.000000
0.952941
0.278431
0.019608
0.000000
0.000000
0.074510
0.011765
0.000000
0.000000
0.027451
0.000000
0.215686
0.858824
0.913725
1.000000
0.588235
0.027451
0.007843
0.000000
0.000000
0.000000
0.000000
0.000000
0.000000
0.027451
0.011765
0.345098
0.996078
1.000000
0.854902
0.168627
0.054902
0.000000
0.054902
0.000000
0.003922
0.047059
0.031373
0.584314
0.776471
0.972549
1.000000
0.992157
0.450980
0.000000
0.035294
0.000000
0.000000
0.000000
0.000000
0.023529
0.000000
0.000000
0.027451
0.250980
0.658824
1.000000
1.000000
1.000000
0.760784
0.129412
0.090196
0.545098
0.960784
1.000000
0.988235
1.000000
0.905882
1.000000
0.866667
0.521569
0.007843
0.000000
0.000000
0.000000
0.000000
0.000000
0.000000
0.015686
0.054902
0.000000
0.003922
0.000000
0.145098
0.933333
0.917647
0.952941
0.976471
0.780392
0.894118
1.000000
1.000000
0.992157
0.976471
1.000000
0.972549
0.952941
0.482353
0.003922
0.000000
0.007843
0.066667
0.000000
0.000000
0.000000
0.000000
0.000000
0.000000
0.035294
0.000000
0.043137
0.011765
0.211765
0.670588
0.949020
1.000000
0.956863
1.000000
0.925490
0.917647
1.000000
0.992157
0.686275
0.552941
0.129412
0.000000
0.062745
0.007843
0.035294
0.000000
0.000000
0.000000
0.000000
0.000000
0.003922
0.039216
0.000000
0.000000
0.000000
0.000000
0.027451
0.000000
0.137255
0.721569
0.745098
0.709804
0.772549
0.760784
0.482353
0.125490
0.098039
0.000000
0.058824
0.000000
0.000000
0.011765
0.000000
0.031373
0.000000
0.000000
0.000000
0.000000
0.000000
0.000000
0.000000
0.000000
0.000000
0.000000
0.000000
0.000000
0.000000
0.000000
0.000000
0.000000
0.000000
0.000000
0.000000
0.000000
0.000000
0.000000
0.000000
0.000000
0.000000
0.000000
0.000000
0.000000
0.000000
0.000000
0.000000
0.000000
0.000000
0.000000
0.000000
0.000000
0.000000
0.000000
0.000000
0.000000
0.000000
0.000000
0.000000
0.000000
0.000000
0.000000
0.000000
0.000000
0.000000
0.000000
0.000000
0.000000
0.000000
0.000000
0.000000
0.000000
0.000000
0.000000
0.000000
0.000000
0.000000
0.000000
0.000000
0.000000
0.000000
0.000000
0.000000
0.000000
0.000000
0.000000
0.000000
0.000000
0.000000
0.000000
0.000000
0.000000
0.000000
0.000000
0.000000
0.000000
0.000000
0.000000
0.000000
0.000000
0.000000
0.000000
0.000000
0.000000
0.000000
0.000000
0.000000
0.000000
0.000000
0.000000
0.000000
0.000000
0.000000
0.000000
0.000000
0.000000
0.000000
0.000000
0.000000
0.000000
0.000000
0.000000
0.000000
0.000000
0.000000
0.000000
0.000000
0.000000
0.000000
0.000000
0.000000
0.000000
