0.000000
0.000000
0.000000
0.000000
0.000000
0.000000
0.000000
0.000000
0.015686
0.000000
0.000000
0.000000
0.011765
0.000000
0.000000
0.007843
0.000000
0.000000
0.000000
0.019608
0.007843
0.000000
0.000000
0.019608
0.000000
0.000000
0.000000
0.000000
0.000000
0.000000
0.000000
0.000000
0.000000
0.000000
0.000000
0.000000
0.000000
0.000000
0.031373
0.047059
0.015686
0.000000
0.000000
0.019608
0.003922
0.000000
0.007843
0.019608
0.019608
0.003922
0.000000
0.000000
0.000000
0.000000
0.000000
0.000000
0.000000
0.000000
0.000000
0.000000
0.000000
0.000000
0.000000
0.000000
0.027451
0.000000
0.000000
0.019608
0.000000
0.000000
0.007843
0.000000
0.027451
0.015686
0.000000
0.000000
0.000000
0.015686
0.015686
0.000000
0.000000
0.000000
0.000000
0.000000
0.000000
0.000000
0.000000
0.000000
0.000000
0.000000
0.000000
0.000000
0.043137
0.000000
0.000000
0.000000
0.000000
0.015686
0.023529
0.000000
0.003922
0.007843
0.000000
0.000000
0.000000
0.007843
0.003922
0.000000
0.000000
0.000000
0.000000
0.000000
0.000000
0.000000
0.000000
0.000000
0.000000
0.000000
0.000000
0.000000
0.000000
0.003922
0.035294
0.039216
0.003922
0.000000
0.007843
0.007843
0.000000
0.007843
0.027451
0.027451
0.019608
0.015686
0.011765
0.000000
0.000000
0.000000
0.000000
0.000000
0.000000
0.000000
0.000000
0.000000
0.000000
0.000000
0.000000
0.000000
0.000000
0.000000
0.000000
0.000000
0.000000
0.007843
0.000000
0.011765
0.003922
0.000000
0.000000
0.000000
0.000000
0.000000
0.000000
0.015686
0.000000
0.000000
0.000000
0.000000
0.000000
0.000000
0.000000
0.000000
0.000000
0.000000
0.000000
0.000000
0.000000
0.070588
0.054902
0.109804
0.317647
0.376471
0.317647
0.345098
0.356863
0.325490
0.317647
0.317647
0.239216
0.098039
0.003922
0.000000
0.000000
0.000000
0.000000
0.000000
0.000000
0.000000
0.000000
0.000000
0.000000
0.000000
0.000000
0.000000
0.047059
0.321569
0.490196
0.674510
0.964706
1.000000
0.945098
1.000000
0.964706
0.956863
1.000000
1.000000
0.862745
0.517647
0.196078
0.039216
0.000000
0.000000
0.000000
0.000000
0.000000
0.031373
0.000000
0.000000
0.047059
0.000000
0.000000
0.329412
0.631373
0.925490
0.984314
1.000000
0.980392
1.000000
0.976471
0.964706
1.000000
0.929412
0.980392
0.968627
1.000000
0.921569
0.831373
0.215686
0.000000
0.000000
0.043137
0.023529
0.000000
0.000000
0.003922
0.019608
0.007843
0.000000
0.074510
0.474510
1.000000
0.956863
0.980392
0.980392
0.913725
0.949020
1.000000
1.000000
0.905882
0.988235
1.000000
0.984314
0.917647
1.000000
0.988235
0.333333
0.062745
0.011765
0.000000
0.000000
0.043137
0.000000
0.000000
0.031373
0.000000
0.000000
0.450980
0.980392
0.968627
0.901961
1.000000
0.827451
0.858824
0.831373
0.796078
0.701961
0.015686
0.050980
0.000000
0.019608
0.231373
0.933333
0.988235
0.301961
0.000000
0.000000
0.000000
0.011765
0.000000
0.015686
0.007843
0.000000
0.027451
0.258824
0.913725
0.992157
1.000000
1.000000
0.807843
0.000000
0.007843
0.023529
0.000000
0.000000
0.000000
0.031373
0.000000
0.023529
0.121569
0.764706
0.992157
0.556863
0.094118
0.054902
0.011765
0.011765
0.000000
0.015686
0.007843
0.007843
0.015686
0.117647
0.960784
1.000000
0.945098
0.984314
0.784314
0.000000
0.011765
0.019608
0.000000
0.000000
0.043137
0.035294
0.000000
0.000000
0.000000
0.352941
0.921569
1.000000
0.105882
0.000000
0.011765
0.000000
0.043137
0.000000
0.000000
0.019608
0.000000
0.164706
0.941176
1.000000
0.556863
0.372549
0.321569
0.023529
0.000000
0.000000
0.023529
0.015686
0.003922
0.000000
0.000000
0.035294
0.035294
0.117647
0.647059
0.933333
0.231373
0.000000
0.000000
0.000000
0.000000
0.023529
0.000000
0.000000
0.031373
0.847059
1.000000
0.533333
0.054902
0.000000
0.000000
0.019608
0.000000
0.000000
0.015686
0.000000
0.011765
0.027451
0.000000
0.000000
0.000000
0.000000
0.545098
1.000000
0.796078
0.074510
0.035294
0.000000
0.000000
0.003922
0.015686
0.000000
0.011765
1.000000
0.874510
0.435294
0.000000
0.090196
0.000000
0.000000
0.000000
0.039216
0.000000
0.000000
0.000000
0.047059
0.000000
0.000000
0.007843
0.086275
0.556863
0.980392
0.968627
0.011765
0.000000
0.003922
0.000000
0.007843
0.000000
0.000000
0.000000
1.000000
0.580392
0.050980
0.011765
0.000000
0.000000
0.031373
0.000000
0.000000
0.007843
0.000000
0.000000
0.007843
0.019608
0.000000
0.380392
0.584314
0.921569
1.000000
0.658824
0.066667
0.000000
0.000000
0.023529
0.000000
0.015686
0.035294
0.011765
0.941176
0.890196
0.203922
0.000000
0.023529
0.019608
0.003922
0.000000
0.000000
0.054902
0.000000
0.000000
0.000000
0.407843
0.501961
0.960784
0.945098
1.000000
0.956863
0.235294
0.000000
0.000000
0.039216
0.000000
0.000000
0.000000
0.000000
0.000000
1.000000
0.996078
0.803922
0.203922
0.074510
0.000000
0.000000
0.000000
0.113725
0.454902
0.678431
0.674510
0.741176
0.815686
0.937255
1.000000
1.000000
0.960784
0.560784
0.015686
0.000000
0.050980
0.007843
0.035294
0.035294
0.000000
0.000000
0.105882
0.949020
0.980392
0.980392
0.878431
0.811765
0.788235
0.874510
0.839216
0.784314
0.917647
1.000000
0.988235
0.898039
0.992157
0.968627
0.988235
0.996078
0.505882
0.090196
0.031373
0.035294
0.050980
0.000000
0.000000
0.003922
0.027451
0.000000
0.000000
0.152941
0.988235
1.000000
0.945098
0.996078
0.996078
1.000000
0.984314
1.000000
1.000000
0.980392
1.000000
0.984314
1.000000
0.874510
0.713726
0.000000
0.000000
0.003922
0.000000
0.007843
0.003922
0.000000
0.062745
0.035294
0.000000
0.000000
0.047059
0.082353
0.694118
0.800000
1.000000
1.000000
0.945098
0.976471
0.956863
0.925490
0.968627
0.933333
0.603922
0.662745
0.627451
0.039216
0.043137
0.031373
0.027451
0.000000
0.000000
0.000000
0.000000
0.000000
0.000000
0.000000
0.003922
0.011765
0.003922
0.035294
0.000000
0.227451
0.447059
0.439216
0.639216
0.992157
0.992157
0.674510
0.486275
0.411765
0.011765
0.054902
0.000000
0.027451
0.003922
0.000000
0.000000
0.003922
0.019608
0.023529
0.007843
0.003922
0.043137
0.000000
0.000000
0.019608
0.000000
0.000000
0.015686
0.000000
0.027451
0.000000
0.066667
0.313726
0.305882
0.090196
0.015686
0.000000
0.035294
0.000000
0.011765
0.015686
0.000000
0.000000
0.027451
0.000000
0.000000
0.000000
0.000000
0.019608
0.000000
0.000000
0.000000
0.000000
0.000000
0.000000
0.000000
0.000000
0.000000
0.000000
0.000000
0.000000
0.000000
0.000000
0.000000
0.000000
0.000000
0.000000
0.000000
0.000000
0.000000
0.000000
0.000000
0.000000
0.000000
0.000000
0.000000
0.000000
0.000000
0.000000
0.000000
0.000000
0.000000
0.000000
0.000000
0.000000
0.000000
0.000000
0.000000
0.000000
0.000000
0.000000
0.000000
0.000000
0.000000
0.000000
0.000000
0.000000
0.000000
0.000000
0.000000
0.000000
0.000000
0.000000
0.000000
0.000000
0.000000
0.000000
0.000000
0.000000
0.000000
0.000000
0.000000
0.000000
0.000000
0.000000
0.000000
0.000000
0.000000
0.000000
0.000000
0.000000
0.000000
0.000000
0.000000
0.000000
0.000000
0.000000
0.000000
0.000000
0.000000
0.000000
0.000000
0.000000
0.000000
0.000000
0.000000
0.000000
0.000000
0.000000
0.000000
0.000000
0.000000
0.000000
0.000000
0.000000
0.000000
0.000000
0.000000
0.000000
0.000000
0.000000
0.000000
0.000000
0.000000
0.000000
0.000000
0.000000
0.000000
0.000000
0.000000
0.000000
